1005.0500  281.6442  4.3305
3.9287  281.5155  4.3302  9.6932  -9.7753
10.7450  281.4967  4.3229  10.0931  -10.1752
15.7581  281.4996  4.3407  10.4414  -10.5668
21.1338  281.5353  4.3496  10.7646  -10.9317
28.7630  281.4767  4.2809  11.0674  -11.2651
36.2497  281.4440  4.2461  11.3489  -11.5666
43.4903  281.4326  4.2576  11.6013  -11.8399
50.8551  281.4914  4.3013  11.8246  -12.0846
57.2862  281.4894  4.2880  12.0190  -12.3009
64.9306  281.4314  4.2351  12.1851  -12.4893
71.3740  281.4269  4.2247  12.3233  -12.6511
80.3461  281.4503  4.2591  12.4343  -12.7877
88.9487  281.4366  4.2789  12.5195  -12.9008
96.6721  281.4085  4.2820  12.5799  -12.9923
103.9075  281.4765  4.3383  12.6172  -13.0641
113.0761  281.4999  4.3680  12.6333  -13.1186
120.5182  281.4895  4.3891  12.6302  -13.1582
129.0048  281.5227  4.4563  12.6102  -13.1854
138.3475  281.5681  4.5136  12.5753  -13.2029
145.4057  281.5968  4.4920  12.5278  -13.2131
152.4460  281.5582  4.3834  12.4695  -13.2182
160.4843  281.4942  4.2831  12.4022  -13.2204
169.1002  281.4307  4.2313  12.3273  -13.2216
177.3710  281.4055  4.2189  12.2462  -13.2238
185.1118  281.4125  4.2149  12.1601  -13.2286
193.4617  281.4017  4.2151  12.0702  -13.2373
201.2870  281.4135  4.2481  11.9781  -13.2513
208.7168  281.4330  4.2745  11.8852  -13.2719
217.2985  281.4379  4.2755  11.7938  -13.3008
226.6991  281.4264  4.2581  11.7058  -13.3397
236.2600  281.4007  4.2273  11.6225  -13.3886
242.9800  281.3876  4.1977  11.5447  -13.4473
250.7145  281.3758  4.1870  11.4719  -13.5152
258.9622  281.3941  4.2165  11.4042  -13.5912
266.1700  281.3941  4.2347  11.3427  -13.6744
272.4575  281.4306  4.2619  11.2884  -13.7652
279.3531  281.4251  4.2590  11.2408  -13.8638
285.8813  281.4222  4.2704  11.1991  -13.9695
292.1963  281.4732  4.3293  11.1637  -14.0811
299.7864  281.4954  4.3658  11.1357  -14.1975
306.6746  281.4933  4.3687  11.1155  -14.3169
313.1419  281.4921  4.3646  11.1034  -14.4375
319.2621  281.4979  4.3741  11.0993  -14.5582
327.9818  281.5083  4.3928  11.1027  -14.6783
335.7607  281.5087  4.3956  11.1127  -14.7973
344.2005  281.5148  4.3857  11.1284  -14.9135
349.8088  281.5377  4.3602  11.1492  -15.0256
356.4537  281.5504  4.3496  11.1748  -15.1323
363.5760  281.5516  4.3471  11.2049  -15.2326
371.5959  281.5360  4.3287  11.2391  -15.3253
378.8944  281.5238  4.3088  11.2767  -15.4095
386.6229  281.5229  4.2995  11.3178  -15.4844
395.9550  281.5092  4.2932  11.3621  -15.5493
403.4646  281.5108  4.2919  11.4091  -15.6036
411.0673  281.5181  4.2876  11.4577  -15.6479
419.9579  281.5063  4.2848  11.5073  -15.6828
427.7421  281.4954  4.2818  11.5577  -15.7083
436.4004  281.4634  4.2561  11.6089  -15.7239
444.3100  281.4511  4.2427  11.6611  -15.7289
452.3667  281.4469  4.2278  11.7143  -15.7231
458.4838  281.4597  4.2123  11.7682  -15.7074
465.6782  281.4640  4.1992  11.8223  -15.6827
473.8939  281.4610  4.2047  11.8761  -15.6501
482.4371  281.4284  4.2070  11.9296  -15.6107
490.1651  281.4324  4.2405  11.9828  -15.5655
497.6564  281.4649  4.2888  12.0354  -15.5156
506.4539  281.4803  4.3058  12.0873  -15.4617
513.4162  281.4819  4.2938  12.1385  -15.4044
522.1189  281.4730  4.2773  12.1889  -15.3449
531.1843  281.4713  4.2691  12.2381  -15.2841
539.4977  281.4631  4.2501  12.2857  -15.2233
547.9365  281.4247  4.2016  12.3312  -15.1634
556.3540  281.3993  4.1735  12.3745  -15.1056
564.5922  281.3885  4.1710  12.4152  -15.0508
573.6966  281.4076  4.1915  12.4529  -14.9995
582.2590  281.4248  4.2084  12.4874  -14.9522
590.2969  281.4245  4.1977  12.5181  -14.9090
598.7518  281.4205  4.1903  12.5449  -14.8707
608.3102  281.4201  4.2072  12.5671  -14.8380
616.6010  281.4508  4.2454  12.5840  -14.8117
626.7061  281.4500  4.2552  12.5951  -14.7917
635.2392  281.4589  4.2505  12.6003  -14.7781
644.4606  281.4705  4.2471  12.5994  -14.7705
653.0786  281.4593  4.2398  12.5922  -14.7689
662.8667  281.4439  4.2283  12.5785  -14.7728
673.6990  281.4051  4.2068  12.5585  -14.7823
681.4584  281.4114  4.2007  12.5319  -14.7969
689.1298  281.4317  4.2096  12.4984  -14.8163
697.1471  281.4700  4.2480  12.4580  -14.8396
705.1076  281.4931  4.2767  12.4107  -14.8660
712.8072  281.4783  4.2708  12.3562  -14.8949
720.8624  281.4972  4.2697  12.2947  -14.9257
727.9705  281.5086  4.2733  12.2267  -14.9579
735.9073  281.5140  4.2818  12.1526  -14.9910
742.7906  281.5202  4.2847  12.0731  -15.0243
750.8078  281.4940  4.2710  11.9891  -15.0572
759.9218  281.4592  4.2401  11.9013  -15.0891
767.7690  281.3495  4.1674  11.8102  -15.1193
776.7106  281.2884  4.1224  11.7164  -15.1474
784.7340  281.2931  4.1152  11.6204  -15.1729
793.2187  281.3062  4.1065  11.5230  -15.1952
801.7652  281.3157  4.0930  11.4247  -15.2143
809.4576  281.3177  4.0729  11.3262  -15.2299
818.2234  281.3144  4.0585  11.2281  -15.2418
825.8797  281.3182  4.0515  11.1314  -15.2498
832.4202  281.3213  4.0435  11.0367  -15.2538
838.7783  281.3279  4.0391  10.9451  -15.2535
845.4880  281.3410  4.0445  10.8571  -15.2489
853.1473  281.3529  4.0594  10.7734  -15.2397
861.1015  281.3742  4.0810  10.6943  -15.2262
869.1366  281.4015  4.0954  10.6202  -15.2085
877.2301  281.4323  4.1003  10.5514  -15.1867
883.5012  281.4345  4.0846  10.4882  -15.1612
890.1767  281.4298  4.0742  10.4308  -15.1324
897.9153  281.4336  4.0968  10.3794  -15.1006
905.3585  281.4464  4.1064  10.3341  -15.0661
913.3424  281.4797  4.1216  10.2950  -15.0294
920.5036  281.5078  4.1273  10.2623  -14.9909
928.7499  281.5237  4.1177  10.2362  -14.9512
936.8526  281.5392  4.1035  10.2167  -14.9109
943.9581  281.5506  4.0845  10.2041  -14.8706
950.6880  281.5187  4.0528  10.1981  -14.8310
958.3601  281.5136  4.0399  10.1989  -14.7925
967.3015  281.5225  4.0303  10.2062  -14.7562
974.3287  281.5430  4.0185  10.2198  -14.7229
982.5280  281.6096  4.0213  10.2395  -14.6933
989.1575  281.6337  4.0090  10.2649  -14.6683
996.3615  281.6566  3.9996  10.2960  -14.6490
1003.4180  281.7017  4.0006  10.3327  -14.6361
1011.3326  281.7292  3.9949  10.3749  -14.6304
1018.7067  281.7463  3.9844  10.4222  -14.6326
1025.2701  281.7697  3.9709  10.4742  -14.6433
1033.8378  281.7836  3.9538  10.5304  -14.6628
1042.5543  281.7557  3.9228  10.5903  -14.6915
1050.2260  281.6523  3.8628  10.6531  -14.7298
1060.3174  281.6015  3.8319  10.7184  -14.7775
1068.0924  281.6277  3.8185  10.7856  -14.8347
1074.8470  281.6372  3.8001  10.8543  -14.9011
1082.2584  281.6268  3.7749  10.9236  -14.9766
1092.0557  281.6100  3.7498  10.9928  -15.0606
1100.3749  281.6158  3.7307  11.0613  -15.1525
1107.6272  281.6645  3.7247  11.1282  -15.2518
1115.3810  281.6715  3.7063  11.1929  -15.3576
1123.7771  281.7224  3.7011  11.2547  -15.4692
1131.1414  281.7859  3.6997  11.3133  -15.5856
1139.8599  281.8280  3.6919  11.3681  -15.7058
1147.3428  281.8851  3.6885  11.4190  -15.8288
1155.3080  281.9264  3.6804  11.4655  -15.9539
1162.9525  281.9692  3.6728  11.5072  -16.0799
1171.6898  282.0132  3.6656  11.5438  -16.2059
1180.8398  282.1303  3.6802  11.5750  -16.3308
1188.0303  282.2304  3.6901  11.6007  -16.4538
1194.1615  282.2459  3.6751  11.6211  -16.5741
1202.8634  282.1986  3.6422  11.6363  -16.6910
1210.9557  282.1747  3.6168  11.6467  -16.8038
1217.9805  282.1914  3.6039  11.6529  -16.9123
1225.0565  282.2237  3.5961  11.6551  -17.0157
1231.2522  282.1645  3.5626  11.6535  -17.1138
1237.7395  282.0945  3.5269  11.6481  -17.2063
1242.3639  282.1612  3.5306  11.6393  -17.2933
1249.6881  282.1796  3.5210  11.6275  -17.3745
1255.0249  282.1770  3.5057  11.6131  -17.4497
1260.7072  282.2219  3.5039  11.5963  -17.5188
1266.6040  282.2183  3.4883  11.5776  -17.5817
1272.2133  282.2065  3.4704  11.5569  -17.6381
1277.8488  282.1529  3.4407  11.5344  -17.6883
1284.5635  282.1113  3.4144  11.5102  -17.7322
1291.6819  282.2053  3.4255  11.4843  -17.7700
1298.1396  282.2530  3.4237  11.4569  -17.8020
1304.5575  282.3729  3.4147  11.4277  -17.8283
1310.5819  282.2965  3.2358  11.3968  -17.8490
1315.5986  281.8956  2.7622  11.3641  -17.8643
1321.8578  281.8536  2.1762  11.3296  -17.8744
1328.5929  281.8185  1.7179  11.2930  -17.8792
1335.9720  281.7835  1.5837  11.2543  -17.8789
1343.2085  281.7486  1.6034  11.2133  -17.8739
1350.5651  281.7100  1.6214  11.1698  -17.8644
1358.4977  281.6811  1.6226  11.1237  -17.8507
1364.9825  281.6511  1.6239  11.0749  -17.8334
1371.6843  281.6154  1.6214  11.0235  -17.8128
1377.0782  281.5835  1.6266  10.9696  -17.7895
1383.8909  281.5554  1.6373  10.9133  -17.7639
1389.7646  281.5318  1.6489  10.8548  -17.7364
1394.7944  281.5159  1.6502  10.7942  -17.7077
1399.4620  281.4963  1.6405  10.7319  -17.6780
1405.2732  281.4796  1.6284  10.6681  -17.6480
1412.1497  281.4528  1.6311  10.6033  -17.6181
1421.5709  281.5357  1.6601  10.5378  -17.5890
1427.6661  281.4393  1.6634  10.4717  -17.5614
1430.5736  281.4020  1.6483  10.4054  -17.5357
1434.2609  281.5573  1.6399  10.3390  -17.5126
1440.1588  281.7451  1.6438  10.2724  -17.4924
1446.3934  281.8545  1.6465  10.2062  -17.4757
1453.3546  281.9324  1.6452  10.1406  -17.4626
1460.0822  282.0005  1.6396  10.0759  -17.4534
1468.2651  282.0870  1.6403  10.0123  -17.4481
1472.4263  282.0497  1.6299  9.9501  -17.4466
1476.6112  282.0986  1.6207  9.8897  -17.4489
1479.7122  282.2002  1.6138  9.8311  -17.4548
1485.6893  282.3466  1.6209  9.7744  -17.4640
1492.9786  282.4630  1.6249  9.7196  -17.4764
1499.2750  282.5360  1.6206  9.6669  -17.4916
1506.3279  282.6087  1.6157  9.6161  -17.5091
1513.3976  282.6779  1.6068  9.5675  -17.5288
1519.6652  282.7643  1.5962  9.5211  -17.5499
1526.0680  282.8513  1.5874  9.4769  -17.5718
1532.4993  282.9605  1.5895  9.4349  -17.5940
1539.7365  283.0744  1.6072  9.3951  -17.6159
1546.0488  283.1755  1.6234  9.3574  -17.6366
1552.3557  283.2780  1.6292  9.3220  -17.6557
1558.0183  283.3463  1.6272  9.2889  -17.6726
1564.5968  283.4249  1.6272  9.2581  -17.6868
1571.3265  283.4817  1.6239  9.2295  -17.6980
1578.2123  283.5632  1.6161  9.2031  -17.7058
1584.3149  283.6838  1.6086  9.1788  -17.7099
1591.4948  283.7721  1.6013  9.1563  -17.7101
1598.1171  283.8443  1.5966  9.1354  -17.7065
1604.1403  283.9040  1.5911  9.1159  -17.6991
1611.7816  283.9572  1.5864  9.0975  -17.6876
1619.0394  283.9869  1.5845  9.0801  -17.6724
1626.3163  284.0124  1.5837  9.0636  -17.6534
1632.5018  284.0314  1.5813  9.0480  -17.6310
1638.7844  284.0507  1.5789  9.0331  -17.6053
1643.6217  284.0751  1.5770  9.0188  -17.5770
1650.5435  284.1055  1.5757  9.0048  -17.5463
1657.0587  284.1318  1.5757  8.9907  -17.5139
1663.7083  284.1481  1.5771  8.9762  -17.4802
1669.6899  284.1650  1.5770  8.9610  -17.4455
1676.6133  284.1863  1.5776  8.9451  -17.4100
1683.3690  284.2083  1.5786  8.9286  -17.3742
1689.7476  284.2196  1.5759  8.9113  -17.3380
1696.2968  284.2306  1.5713  8.8932  -17.3019
1703.5896  284.2475  1.5678  8.8739  -17.2661
1708.7231  284.2575  1.5671  8.8536  -17.2309
1715.8345  284.2633  1.5669  8.8321  -17.1968
1722.6438  284.2755  1.5674  8.8094  -17.1639
1729.4790  284.2832  1.5662  8.7857  -17.1323
1735.4965  284.2865  1.5610  8.7610  -17.1021
1741.4988  284.2904  1.5571  8.7352  -17.0735
1748.8271  284.2985  1.5567  8.7087  -17.0462
1755.5356  284.3036  1.5570  8.6815  -17.0205
1761.7196  284.3089  1.5563  8.6537  -16.9963
1767.8407  284.3205  1.5539  8.6255  -16.9736
1775.7947  284.3342  1.5490  8.5969  -16.9524
1782.2935  284.3387  1.5431  8.5681  -16.9329
1788.7343  284.3459  1.5398  8.5394  -16.9149
1795.7968  284.3464  1.5374  8.5111  -16.8985
1801.7721  284.3461  1.5352  8.4833  -16.8837
1808.6772  284.3522  1.5328  8.4565  -16.8706
1816.1332  284.3637  1.5286  8.4307  -16.8592
1822.8822  284.3759  1.5202  8.4063  -16.8497
1829.7856  284.4022  1.5086  8.3832  -16.8420
1836.9230  284.4318  1.4962  8.3616  -16.8363
1843.3657  284.4500  1.4872  8.3415  -16.8324
1850.5165  284.4607  1.4855  8.3232  -16.8303
1856.6025  284.4703  1.4894  8.3066  -16.8301
1862.7029  284.4768  1.4955  8.2919  -16.8315
1869.7876  284.4832  1.5004  8.2790  -16.8347
1876.9424  284.4798  1.5023  8.2679  -16.8393
1883.9967  284.4800  1.5065  8.2586  -16.8454
1890.8667  284.4888  1.5112  8.2511  -16.8528
1897.4603  284.4941  1.5122  8.2452  -16.8612
1904.5795  284.4969  1.5118  8.2412  -16.8705
1911.8912  284.4972  1.5127  8.2386  -16.8805
1919.2939  284.4972  1.5173  8.2375  -16.8910
1926.6918  284.5002  1.5206  8.2377  -16.9017
1933.5410  284.5154  1.5150  8.2391  -16.9125
1940.1697  284.5657  1.4841  8.2415  -16.9229
1947.2288  284.6434  1.4223  8.2449  -16.9328
1954.3737  284.7026  1.3537  8.2490  -16.9421
1961.3372  284.7334  1.2983  8.2536  -16.9505
1967.3127  284.7763  1.2538  8.2585  -16.9577
1974.2354  284.7996  1.2101  8.2636  -16.9635
1981.3707  284.8184  1.1642  8.2688  -16.9679
1988.1246  284.8489  1.1073  8.2740  -16.9707
1994.7717  284.9178  1.0390  8.2791  -16.9718
2002.1431  285.0298  0.9796  8.2842  -16.9714
2009.8483  285.0940  0.9485  8.2892  -16.9693
2017.2336  285.1103  0.9396  8.2939  -16.9656
2024.3942  285.1205  0.9357  8.2981  -16.9604
2031.0828  285.1276  0.9298  8.3019  -16.9538
2037.6005  285.1339  0.9248  8.3050  -16.9458
2045.3551  285.1313  0.9194  8.3074  -16.9367
2052.2058  285.1363  0.9143  8.3090  -16.9266
2058.4851  285.1461  0.9105  8.3099  -16.9157
2065.9185  285.1527  0.9040  8.3101  -16.9041
2073.7336  285.1663  0.8970  8.3096  -16.8923
2081.3687  285.1649  0.8892  8.3083  -16.8803
2086.9700  285.1861  0.8794  8.3063  -16.8685
2093.9851  285.2248  0.8689  8.3035  -16.8572
2101.5117  285.2439  0.8636  8.3001  -16.8466
2108.9741  285.2522  0.8632  8.2963  -16.8370
2116.1479  285.2609  0.8632  8.2919  -16.8288
2122.4436  285.2722  0.8616  8.2870  -16.8222
2130.0447  285.2848  0.8586  8.2816  -16.8172
2137.8914  285.2919  0.8556  8.2759  -16.8141
2144.7012  285.2958  0.8514  8.2699  -16.8130
2153.1182  285.2987  0.8463  8.2639  -16.8139
2162.2280  285.2925  0.8439  8.2578  -16.8169
2170.1047  285.2888  0.8439  8.2516  -16.8222
2177.0210  285.2911  0.8432  8.2455  -16.8299
2184.1624  285.2927  0.8401  8.2395  -16.8402
2191.4878  285.2969  0.8346  8.2340  -16.8531
2199.3301  285.2969  0.8308  8.2289  -16.8686
2206.0115  285.2977  0.8323  8.2246  -16.8866
2213.9814  285.2964  0.8357  8.2209  -16.9070
2220.5981  285.2979  0.8392  8.2179  -16.9295
2228.0195  285.3024  0.8425  8.2157  -16.9539
2234.2942  285.3089  0.8435  8.2144  -16.9799
2240.7952  285.3099  0.8420  8.2145  -17.0074
2248.6099  285.3036  0.8496  8.2159  -17.0361
2256.0015  285.2981  0.8754  8.2188  -17.0658
2263.2402  285.2930  0.9340  8.2230  -17.0966
2270.7024  285.2791  1.0282  8.2285  -17.1280
2277.5339  285.2729  1.0840  8.2352  -17.1599
2284.5112  285.2736  1.1071  8.2430  -17.1919
2291.4807  285.2673  1.1175  8.2519  -17.2237
2298.7451  285.2675  1.1281  8.2621  -17.2549
2306.0793  285.2656  1.1562  8.2734  -17.2852
2313.1965  285.2653  1.1813  8.2858  -17.3144
2321.2878  285.2700  1.2030  8.2990  -17.3422
2328.3528  285.2743  1.2184  8.3129  -17.3681
2335.3135  285.2834  1.2181  8.3276  -17.3920
2342.3987  285.2872  1.2124  8.3430  -17.4137
2349.5786  285.2950  1.2089  8.3591  -17.4330
2356.7551  285.3004  1.2053  8.3757  -17.4498
2363.6611  285.3041  1.2029  8.3923  -17.4640
2369.8999  285.3088  1.2023  8.4087  -17.4755
2376.5886  285.3121  1.1993  8.4246  -17.4841
2383.4355  285.3205  1.1937  8.4397  -17.4899
2390.3506  285.3229  1.1857  8.4540  -17.4926
2399.1758  285.3297  1.1769  8.4674  -17.4921
2407.4231  285.3388  1.1705  8.4798  -17.4885
2413.3892  285.3423  1.1655  8.4911  -17.4817
2420.2312  285.3444  1.1612  8.5012  -17.4717
2428.3157  285.3416  1.1579  8.5102  -17.4586
2434.8286  285.3437  1.1543  8.5178  -17.4423
2440.4656  285.3549  1.1484  8.5241  -17.4230
2447.3843  285.3603  1.1428  8.5290  -17.4009
2454.6904  285.3640  1.1411  8.5323  -17.3761
2458.6829  285.3900  1.1424  8.5340  -17.3489
2463.7122  285.4109  1.1427  8.5342  -17.3195
2468.8013  285.4166  1.1428  8.5329  -17.2880
2472.7993  285.4238  1.1457  8.5304  -17.2545
2477.5735  285.4318  1.1483  8.5269  -17.2191
2481.4668  285.4458  1.1436  8.5225  -17.1819
2487.2295  285.4656  1.1349  8.5174  -17.1431
2491.8389  285.4664  1.1289  8.5117  -17.1028
2496.3965  285.4748  1.1284  8.5056  -17.0615
2501.9019  285.4665  1.1264  8.4994  -17.0192
2506.9800  285.4704  1.1218  8.4931  -16.9762
2511.9287  285.4881  1.1163  8.4871  -16.9328
2515.7104  285.4967  1.1106  8.4818  -16.8890
2521.0222  285.5014  1.1075  8.4774  -16.8450
2526.6013  285.5082  1.1065  8.4743  -16.8012
2531.3274  285.5121  1.1029  8.4727  -16.7576
2537.8833  285.5074  1.0990  8.4728  -16.7145
2543.4185  285.5072  1.0962  8.4749  -16.6722
2547.6553  285.5270  1.0922  8.4790  -16.6308
2552.7715  285.5361  1.0852  8.4854  -16.5905
2557.6987  285.5403  1.0790  8.4943  -16.5513
2561.4546  285.5527  1.0759  8.5055  -16.5134
2565.5942  285.5629  1.0757  8.5192  -16.4768
2570.0544  285.5613  1.0761  8.5353  -16.4417
2575.3914  285.5536  1.0767  8.5537  -16.4080
2579.8433  285.5509  1.0783  8.5745  -16.3758
2584.2517  285.5507  1.0781  8.5973  -16.3453
2588.3577  285.5579  1.0769  8.6219  -16.3163
2592.7271  285.5575  1.0746  8.6479  -16.2891
2596.8215  285.5551  1.0724  8.6753  -16.2636
2600.9551  285.5597  1.0704  8.7038  -16.2399
2604.9856  285.5647  1.0674  8.7331  -16.2179
2609.4380  285.5709  1.0651  8.7630  -16.1974
2614.3975  285.5695  1.0648  8.7931  -16.1782
2619.0215  285.5589  1.0645  8.8231  -16.1600
2623.2151  285.5638  1.0638  8.8526  -16.1426
2627.6150  285.5654  1.0609  8.8814  -16.1259
2632.4526  285.5670  1.0577  8.9094  -16.1099
2637.6211  285.5699  1.0557  8.9364  -16.0946
2641.4766  285.5750  1.0534  8.9621  -16.0799
2645.9812  285.5792  1.0504  8.9862  -16.0659
2650.5066  285.5900  1.0482  9.0086  -16.0522
2655.0901  285.5911  1.0452  9.0292  -16.0387
2659.3445  285.5886  1.0424  9.0483  -16.0251
2664.0898  285.6012  1.0416  9.0661  -16.0114
2668.3647  285.6048  1.0398  9.0827  -15.9975
2673.0867  285.5972  1.0376  9.0985  -15.9835
2676.8210  285.6006  1.0377  9.1134  -15.9695
2681.1643  285.6066  1.0375  9.1276  -15.9555
2686.0977  285.6055  1.0355  9.1412  -15.9417
2690.0750  285.5985  1.0333  9.1544  -15.9280
2693.6501  285.6001  1.0308  9.1675  -15.9147
2698.8496  285.6109  1.0264  9.1807  -15.9021
2704.1384  285.6166  1.0217  9.1941  -15.8904
2707.7996  285.6291  1.0200  9.2077  -15.8798
2711.8782  285.6406  1.0184  9.2215  -15.8704
2717.2168  285.6410  1.0164  9.2356  -15.8626
2721.0879  285.6491  1.0166  9.2501  -15.8563
2726.2234  285.6469  1.0158  9.2653  -15.8518
2729.5417  285.6521  1.0150  9.2811  -15.8491
2733.5312  285.6507  1.0140  9.2976  -15.8486
2738.1106  285.6435  1.0134  9.3148  -15.8504
2742.1372  285.6508  1.0136  9.3326  -15.8545
2746.0276  285.6568  1.0103  9.3508  -15.8611
2750.7358  285.6558  1.0052  9.3692  -15.8701
2754.6663  285.6688  1.0022  9.3877  -15.8814
2758.4524  285.6771  0.9978  9.4059  -15.8950
2763.1030  285.6853  0.9936  9.4237  -15.9106
2766.6707  285.6918  0.9913  9.4408  -15.9283
2772.5273  285.6883  0.9879  9.4571  -15.9478
2776.3457  285.6934  0.9830  9.4727  -15.9688
2780.6848  285.7087  0.9789  9.4874  -15.9910
2785.4617  285.7169  0.9755  9.5015  -16.0139
2789.2456  285.7171  0.9724  9.5149  -16.0372
2793.6882  285.7272  0.9696  9.5275  -16.0607
2798.0408  285.7396  0.9668  9.5394  -16.0839
2802.2124  285.7421  0.9640  9.5503  -16.1067
2806.3474  285.7513  0.9622  9.5602  -16.1288
2810.2009  285.7580  0.9590  9.5694  -16.1499
2814.2830  285.7720  0.9564  9.5779  -16.1698
2818.5190  285.7775  0.9540  9.5859  -16.1881
2822.7747  285.7870  0.9519  9.5938  -16.2048
2826.5774  285.7920  0.9495  9.6018  -16.2197
2831.5481  285.8045  0.9475  9.6100  -16.2327
2836.1499  285.8227  0.9445  9.6185  -16.2438
2840.6777  285.8360  0.9416  9.6278  -16.2529
2844.6833  285.8416  0.9378  9.6378  -16.2601
2849.0876  285.8539  0.9338  9.6489  -16.2653
2853.2722  285.8620  0.9305  9.6612  -16.2687
2858.1948  285.8684  0.9266  9.6748  -16.2702
2862.3264  285.8836  0.9219  9.6898  -16.2702
2866.8550  285.8987  0.9172  9.7064  -16.2687
2870.9629  285.9164  0.9142  9.7248  -16.2659
2875.0420  285.9260  0.9111  9.7450  -16.2619
2878.3359  285.9474  0.9086  9.7672  -16.2570
2882.9126  285.9635  0.9056  9.7912  -16.2511
2888.3955  285.9614  0.9030  9.8172  -16.2446
2892.2673  285.9785  0.9022  9.8451  -16.2376
2895.8479  286.0002  0.9002  9.8749  -16.2303
2900.6599  286.0058  0.8971  9.9064  -16.2227
2904.7595  286.0134  0.8956  9.9395  -16.2150
2908.4780  286.0218  0.8952  9.9738  -16.2071
2913.2947  286.0261  0.8950  10.0092  -16.1992
2917.5071  286.0299  0.8953  10.0455  -16.1914
2921.4331  286.0359  0.8961  10.0825  -16.1838
2925.8701  286.0325  0.8959  10.1200  -16.1765
2930.4194  286.0353  0.8964  10.1576  -16.1693
2935.3569  286.0363  0.8962  10.1953  -16.1622
2938.9426  286.0379  0.8954  10.2327  -16.1550
2943.8914  286.0418  0.8955  10.2698  -16.1477
2948.8792  286.0428  0.8957  10.3062  -16.1400
2952.7122  286.0453  0.8941  10.3418  -16.1320
2957.6094  286.0446  0.8922  10.3763  -16.1235
2962.3323  286.0410  0.8905  10.4096  -16.1147
2966.1389  286.0496  0.8882  10.4415  -16.1055
2970.0090  286.0565  0.8852  10.4719  -16.0959
2974.5496  286.0560  0.8828  10.5008  -16.0859
2978.8853  286.0629  0.8814  10.5282  -16.0753
2983.9717  286.0727  0.8767  10.5540  -16.0640
2988.5857  286.0802  0.8652  10.5783  -16.0519
2991.8965  286.1144  0.8481  10.6013  -16.0391
2996.3560  286.1617  0.8272  10.6232  -16.0257
3001.1819  286.1952  0.8095  10.6441  -16.0118
3006.4194  286.2347  0.7974  10.6643  -15.9975
3009.9373  286.2576  0.7892  10.6840  -15.9828
3014.8188  286.2726  0.7847  10.7035  -15.9679
3019.3660  286.2844  0.7788  10.7233  -15.9531
3023.2627  286.3037  0.7712  10.7435  -15.9384
3027.7185  286.3291  0.7627  10.7646  -15.9241
3033.5867  286.3402  0.7524  10.7867  -15.9103
3038.4172  286.3726  0.7443  10.8101  -15.8973
3044.4475  286.3887  0.7384  10.8350  -15.8853
3051.3071  286.3778  0.7348  10.8617  -15.8746
3060.0454  286.3661  0.7297  10.8902  -15.8653
3067.1243  286.3819  0.7196  10.9209  -15.8577
3072.5869  286.4048  0.7084  10.9538  -15.8520
3078.1787  286.4072  0.7008  10.9892  -15.8484
3083.5811  286.4121  0.6970  11.0270  -15.8472
3089.8171  286.4209  0.6948  11.0675  -15.8483
3093.4712  286.4360  0.6948  11.1105  -15.8519
3097.8838  286.4417  0.6967  11.1561  -15.8580
3102.1189  286.4364  0.6993  11.2040  -15.8667
3106.9163  286.4452  0.7009  11.2541  -15.8779
3110.1248  286.4504  0.6987  11.3061  -15.8917
3115.0791  286.4486  0.6906  11.3596  -15.9080
3119.1245  286.4595  0.6762  11.4141  -15.9269
3123.3237  286.4891  0.6577  11.4695  -15.9483
3128.4221  286.5088  0.6430  11.5254  -15.9721
3132.5149  286.5171  0.6372  11.5815  -15.9982
3136.6631  286.5343  0.6355  11.6376  -16.0262
3140.5029  286.5411  0.6315  11.6935  -16.0560
3145.5623  286.5427  0.6252  11.7486  -16.0871
3149.1289  286.5689  0.6176  11.8027  -16.1192
3153.6667  286.5895  0.6089  11.8555  -16.1520
3158.4075  286.6071  0.6029  11.9067  -16.1851
3163.3027  286.6201  0.6014  11.9563  -16.2181
3168.2842  286.6224  0.6020  12.0041  -16.2509
3173.1401  286.6233  0.6055  12.0498  -16.2829
3177.0295  286.6359  0.6117  12.0935  -16.3140
3181.2119  286.6461  0.6192  12.1352  -16.3438
3185.1074  286.6542  0.6289  12.1748  -16.3720
3190.0442  286.6805  0.6380  12.2124  -16.3982
3193.8049  286.7061  0.6437  12.2483  -16.4224
3198.2747  286.7112  0.6453  12.2823  -16.4442
3203.4414  286.7196  0.6463  12.3148  -16.4636
3207.6501  286.7375  0.6467  12.3459  -16.4803
3212.1472  286.7566  0.6431  12.3760  -16.4943
3216.5894  286.7712  0.6385  12.4053  -16.5057
3220.6069  286.7859  0.6365  12.4340  -16.5142
3224.6116  286.8021  0.6362  12.4623  -16.5201
3229.0269  286.8027  0.6355  12.4902  -16.5233
3233.1941  286.8043  0.6357  12.5180  -16.5242
3237.4880  286.8154  0.6369  12.5459  -16.5229
3241.9556  286.8138  0.6366  12.5740  -16.5196
3245.4307  286.8126  0.6358  12.6024  -16.5143
3249.3750  286.8162  0.6359  12.6311  -16.5072
3254.1743  286.8163  0.6358  12.6600  -16.4986
3258.2004  286.8236  0.6364  12.6893  -16.4887
3262.5386  286.8230  0.6367  12.7186  -16.4781
3266.1084  286.8328  0.6374  12.7480  -16.4670
3271.0388  286.8326  0.6372  12.7772  -16.4558
3274.1208  286.8362  0.6378  12.8060  -16.4449
3278.9709  286.8466  0.6389  12.8343  -16.4346
3283.9353  286.8456  0.6386  12.8618  -16.4252
3288.3833  286.8464  0.6380  12.8883  -16.4168
3292.5078  286.8497  0.6372  12.9135  -16.4096
3297.2559  286.8514  0.6360  12.9373  -16.4039
3301.9727  286.8553  0.6351  12.9594  -16.3998
3306.2756  286.8523  0.6336  12.9795  -16.3978
3309.6775  286.8633  0.6321  12.9974  -16.3980
3314.4138  286.8671  0.6308  13.0129  -16.4006
3319.2046  286.8654  0.6304  13.0259  -16.4059
3322.9146  286.8712  0.6311  13.0362  -16.4139
3327.5200  286.8753  0.6314  13.0437  -16.4246
3331.8850  286.8707  0.6302  13.0484  -16.4379
3336.3232  286.8714  0.6285  13.0501  -16.4539
3340.4568  286.8821  0.6265  13.0488  -16.4726
3344.7393  286.8863  0.6236  13.0445  -16.4939
3349.1978  286.8937  0.6220  13.0371  -16.5178
3353.4436  286.8948  0.6218  13.0267  -16.5441
3358.5588  286.8859  0.6216  13.0134  -16.5726
3363.1533  286.8973  0.6222  12.9975  -16.6033
3368.0510  286.8950  0.6211  12.9792  -16.6358
3372.3220  286.8970  0.6203  12.9585  -16.6700
3377.2922  286.8989  0.6201  12.9356  -16.7055
3381.8276  286.8951  0.6197  12.9106  -16.7421
3385.7004  286.9016  0.6193  12.8837  -16.7795
3390.1523  286.9075  0.6179  12.8550  -16.8174
3394.4390  286.9114  0.6153  12.8249  -16.8555
3398.8662  286.9171  0.6123  12.7935  -16.8936
3403.0894  286.9232  0.6081  12.7613  -16.9314
3408.4309  286.9346  0.6006  12.7284  -16.9686
3411.7861  286.9600  0.5883  12.6950  -17.0052
3416.5784  287.0355  0.5726  12.6612  -17.0410
3421.2329  287.1402  0.5581  12.6275  -17.0757
3425.1316  287.2044  0.5505  12.5940  -17.1091
3430.6204  287.2301  0.5497  12.5611  -17.1412
3434.8647  287.2490  0.5494  12.5289  -17.1717
3438.5867  287.2812  0.5469  12.4979  -17.2003
3443.4719  287.3206  0.5428  12.4683  -17.2271
3448.6926  287.3589  0.5389  12.4403  -17.2518
3452.6614  287.3989  0.5367  12.4141  -17.2746
3457.7532  287.4212  0.5362  12.3901  -17.2954
3462.2322  287.4358  0.5366  12.3687  -17.3143
3466.1724  287.4467  0.5371  12.3499  -17.3314
3470.5271  287.4566  0.5377  12.3339  -17.3466
3474.5242  287.4702  0.5379  12.3210  -17.3600
3478.5386  287.4853  0.5367  12.3113  -17.3718
3483.7388  287.4896  0.5337  12.3049  -17.3821
3488.4385  287.5019  0.5312  12.3020  -17.3909
3492.4292  287.5237  0.5296  12.3027  -17.3984
3496.4146  287.5419  0.5285  12.3071  -17.4048
3501.5098  287.5549  0.5277  12.3154  -17.4101
3505.1057  287.5873  0.5278  12.3275  -17.4143
3509.6621  287.6130  0.5276  12.3435  -17.4176
3513.9910  287.6287  0.5264  12.3633  -17.4201
3518.7441  287.6439  0.5238  12.3866  -17.4219
3522.7859  287.6581  0.5178  12.4134  -17.4232
3527.2822  287.6748  0.5074  12.4434  -17.4240
3532.4998  287.6943  0.4928  12.4762  -17.4245
3537.1719  287.7225  0.4758  12.5117  -17.4248
3541.4158  287.7456  0.4627  12.5495  -17.4249
3545.7273  287.7634  0.4539  12.5894  -17.4248
3550.4778  287.7929  0.4457  12.6309  -17.4245
3554.9370  287.8140  0.4391  12.6738  -17.4239
3561.5710  287.8147  0.4350  12.7177  -17.4231
3565.2671  287.8308  0.4335  12.7621  -17.4221
3570.0405  287.8338  0.4336  12.8066  -17.4209
3574.0264  287.8412  0.4369  12.8508  -17.4197
3578.9839  287.8543  0.4440  12.8943  -17.4185
3582.6958  287.8730  0.4531  12.9367  -17.4173
3586.6628  287.8877  0.4609  12.9778  -17.4162
3592.1270  287.8934  0.4649  13.0171  -17.4150
3596.7600  287.9041  0.4662  13.0544  -17.4139
3601.0540  287.9235  0.4674  13.0893  -17.4128
3606.3203  287.9316  0.4681  13.1217  -17.4119
3610.7886  287.9443  0.4677  13.1514  -17.4115
3614.7053  287.9567  0.4663  13.1783  -17.4116
3620.3079  287.9602  0.4647  13.2023  -17.4126
3625.3572  287.9819  0.4642  13.2234  -17.4144
3630.3328  287.9995  0.4621  13.2418  -17.4172
3634.4690  288.0192  0.4557  13.2575  -17.4211
3639.3872  288.0438  0.4427  13.2707  -17.4262
3643.1965  288.0892  0.4235  13.2815  -17.4328
3649.1611  288.1396  0.4046  13.2900  -17.4411
3653.7380  288.1754  0.3929  13.2964  -17.4514
3658.9753  288.1950  0.3891  13.3011  -17.4637
3662.3416  288.2110  0.3903  13.3041  -17.4780
3667.3704  288.2260  0.3925  13.3058  -17.4944
3673.1267  288.2381  0.3920  13.3064  -17.5128
3677.2983  288.2532  0.3880  13.3062  -17.5333
3681.8223  288.2633  0.3816  13.3053  -17.5559
3686.4595  288.2766  0.3747  13.3038  -17.5806
3691.4087  288.2910  0.3674  13.3019  -17.6075
3696.2090  288.2957  0.3583  13.2999  -17.6364
3700.9663  288.3142  0.3492  13.2979  -17.6672
3706.5200  288.3427  0.3424  13.2961  -17.6998
3711.1602  288.3711  0.3408  13.2948  -17.7340
3715.6895  288.4004  0.3472  13.2938  -17.7696
3719.9470  288.4271  0.3584  13.2930  -17.8064
3725.0198  288.4411  0.3671  13.2923  -17.8440
3729.9888  288.4536  0.3708  13.2917  -17.8822
3735.2410  288.4667  0.3723  13.2909  -17.9207
3740.7104  288.4744  0.3732  13.2898  -17.9591
3744.5886  288.4773  0.3739  13.2885  -17.9973
3749.2734  288.4899  0.3757  13.2867  -18.0351
3754.5164  288.5051  0.3770  13.2844  -18.0723
3759.3882  288.5151  0.3765  13.2815  -18.1087
3763.8997  288.5273  0.3751  13.2780  -18.1441
3767.7756  288.5400  0.3733  13.2737  -18.1783
3773.5637  288.5438  0.3705  13.2686  -18.2110
3778.0654  288.5464  0.3672  13.2624  -18.2419
3782.9885  288.5598  0.3637  13.2552  -18.2709
3788.8806  288.5705  0.3598  13.2468  -18.2979
3793.2065  288.5802  0.3566  13.2372  -18.3227
3798.7688  288.5915  0.3536  13.2265  -18.3454
3802.6619  288.5995  0.3501  13.2148  -18.3658
3807.5449  288.6081  0.3471  13.2023  -18.3840
3812.4011  288.6117  0.3437  13.1891  -18.3999
3817.8149  288.6140  0.3394  13.1755  -18.4136
3821.5925  288.6231  0.3344  13.1616  -18.4250
3826.7056  288.6359  0.3299  13.1477  -18.4342
3832.0806  288.6486  0.3269  13.1338  -18.4413
3836.2444  288.6599  0.3260  13.1203  -18.4465
3841.5933  288.6647  0.3265  13.1074  -18.4499
3846.3140  288.6662  0.3271  13.0953  -18.4517
3851.5518  288.6665  0.3269  13.0841  -18.4520
3855.8643  288.6753  0.3259  13.0742  -18.4510
3861.5723  288.6808  0.3237  13.0656  -18.4490
3866.5139  288.6873  0.3216  13.0586  -18.4460
3870.2788  288.6898  0.3203  13.0534  -18.4425
3876.0205  288.6913  0.3197  13.0500  -18.4385
3880.5352  288.6952  0.3189  13.0485  -18.4343
3885.3171  288.7009  0.3181  13.0492  -18.4302
3890.2256  288.7031  0.3177  13.0519  -18.4264
3894.3945  288.7052  0.3174  13.0567  -18.4231
3899.7517  288.7064  0.3174  13.0636  -18.4204
3904.8154  288.7043  0.3175  13.0723  -18.4186
3909.4578  288.7064  0.3178  13.0827  -18.4176
3914.3779  288.7074  0.3181  13.0948  -18.4177
3918.9360  288.7051  0.3181  13.1083  -18.4189
3923.5833  288.7061  0.3180  13.1230  -18.4213
3928.6313  288.7089  0.3175  13.1390  -18.4250
3933.5645  288.7048  0.3159  13.1559  -18.4300
3938.3018  288.7086  0.3140  13.1738  -18.4364
3943.3669  288.7137  0.3121  13.1925  -18.4441
3948.0601  288.7164  0.3098  13.2117  -18.4532
3953.7651  288.7163  0.3076  13.2314  -18.4635
3959.0320  288.7187  0.3058  13.2513  -18.4748
3963.8933  288.7240  0.3041  13.2712  -18.4868
3968.4084  288.7284  0.3024  13.2909  -18.4995
3974.8931  288.7334  0.3010  13.3101  -18.5127
3979.6548  288.7365  0.2991  13.3287  -18.5263
3984.3569  288.7442  0.2966  13.3465  -18.5402
3989.3191  288.7479  0.2930  13.3636  -18.5543
3993.5171  288.7463  0.2889  13.3797  -18.5684
3999.0859  288.7485  0.2849  13.3949  -18.5822
4003.6289  288.7509  0.2808  13.4091  -18.5958
4008.8811  288.7498  0.2758  13.4222  -18.6090
4013.5430  288.7559  0.2704  13.4344  -18.6217
4018.6318  288.7639  0.2658  13.4457  -18.6338
4024.1702  288.7698  0.2630  13.4561  -18.6453
4029.2869  288.7744  0.2618  13.4657  -18.6562
4034.1714  288.7824  0.2617  13.4748  -18.6662
4039.8115  288.7821  0.2613  13.4834  -18.6753
4044.8730  288.7796  0.2608  13.4916  -18.6833
4049.3792  288.7873  0.2604  13.4994  -18.6902
4055.5044  288.7901  0.2597  13.5067  -18.6960
4060.6165  288.7894  0.2588  13.5135  -18.7006
4065.4197  288.7946  0.2582  13.5199  -18.7040
4069.6843  288.7989  0.2579  13.5259  -18.7062
4074.7112  288.8002  0.2574  13.5316  -18.7069
4079.5090  288.7993  0.2559  13.5370  -18.7061
4084.2185  288.8061  0.2538  13.5424  -18.7037
4089.0178  288.8100  0.2513  13.5478  -18.6997
4093.8601  288.8132  0.2496  13.5532  -18.6941
4098.1182  288.8208  0.2498  13.5585  -18.6869
4103.8252  288.8259  0.2509  13.5635  -18.6782
4109.2886  288.8301  0.2512  13.5679  -18.6680
4114.1113  288.8360  0.2506  13.5714  -18.6562
4119.5933  288.8332  0.2498  13.5741  -18.6428
4122.8745  288.8430  0.2490  13.5757  -18.6279
4128.3989  288.8407  0.2481  13.5762  -18.6116
4133.3188  288.8420  0.2477  13.5754  -18.5942
4138.0791  288.8462  0.2480  13.5732  -18.5759
4144.1699  288.8406  0.2479  13.5696  -18.5571
4149.0044  288.8381  0.2473  13.5644  -18.5381
4153.7397  288.8434  0.2465  13.5576  -18.5194
4158.8984  288.8466  0.2457  13.5490  -18.5014
4162.5728  288.8544  0.2457  13.5386  -18.4843
4168.1753  288.8524  0.2461  13.5262  -18.4688
4173.5562  288.8455  0.2469  13.5118  -18.4551
4178.0962  288.8529  0.2483  13.4955  -18.4438
4183.7280  288.8619  0.2504  13.4774  -18.4351
4188.4717  288.8631  0.2533  13.4574  -18.4294
4193.0874  288.8715  0.2579  13.4359  -18.4271
4200.0298  288.8615  0.2637  13.4129  -18.4284
4206.7207  288.8442  0.2717  13.3885  -18.4338
4213.5952  288.8423  0.2810  13.3630  -18.4432
4219.2437  288.8500  0.2885  13.3364  -18.4569
4225.8579  288.8431  0.2921  13.3090  -18.4748
4231.4912  288.8508  0.2923  13.2810  -18.4969
4236.8638  288.8645  0.2902  13.2524  -18.5231
4241.4702  288.8747  0.2884  13.2236  -18.5532
4246.6309  288.8901  0.2889  13.1947  -18.5869
4252.4761  288.8829  0.2888  13.1658  -18.6240
4259.0283  288.8869  0.2866  13.1371  -18.6640
4264.4775  288.9214  0.2837  13.1089  -18.7064
4270.8345  288.9299  0.2820  13.0810  -18.7508
4277.9883  288.9134  0.2825  13.0538  -18.7967
4286.8711  288.8891  0.2830  13.0273  -18.8437
4294.1406  288.8881  0.2817  13.0016  -18.8912
4300.2769  288.8886  0.2774  12.9769  -18.9386
4306.3657  288.8927  0.2707  12.9531  -18.9852
4312.1343  288.9063  0.2626  12.9302  -19.0304
4318.1431  288.9257  0.2546  12.9080  -19.0737
4322.5596  288.9378  0.2488  12.8864  -19.1145
4327.5020  288.9454  0.2451  12.8652  -19.1527
4332.7441  288.9488  0.2417  12.8442  -19.1878
4338.4126  288.9636  0.2391  12.8231  -19.2197
4343.3389  288.9757  0.2371  12.8020  -19.2481
4347.8706  288.9818  0.2362  12.7808  -19.2728
4352.2568  288.9846  0.2365  12.7597  -19.2938
4357.8682  288.9854  0.2377  12.7385  -19.3111
4362.3540  288.9786  0.2397  12.7173  -19.3246
4367.1045  288.9793  0.2424  12.6959  -19.3347
4371.3506  288.9818  0.2442  12.6745  -19.3414
4376.2056  288.9793  0.2428  12.6530  -19.3451
4380.9941  288.9797  0.2391  12.6314  -19.3461
4386.2847  288.9802  0.2356  12.6097  -19.3448
4392.2446  288.9793  0.2341  12.5880  -19.3416
4397.2090  288.9907  0.2352  12.5662  -19.3370
4401.9761  288.9937  0.2373  12.5445  -19.3314
4407.5605  288.9921  0.2389  12.5230  -19.3252
4413.5933  288.9942  0.2394  12.5016  -19.3189
4418.7607  288.9856  0.2390  12.4805  -19.3128
4424.4072  288.9820  0.2383  12.4597  -19.3076
4430.4111  288.9873  0.2382  12.4396  -19.3034
4435.1421  288.9866  0.2388  12.4202  -19.3006
4440.8423  288.9935  0.2401  12.4017  -19.2993
4445.1255  289.0102  0.2409  12.3841  -19.2998
4449.6846  289.0175  0.2393  12.3673  -19.3021
4455.4771  289.0321  0.2367  12.3513  -19.3066
4461.2183  289.0328  0.2346  12.3359  -19.3134
4466.4175  289.0461  0.2342  12.3210  -19.3227
4471.0405  289.0455  0.2337  12.3064  -19.3344
4476.3130  289.0461  0.2332  12.2920  -19.3483
4481.7026  289.0475  0.2330  12.2776  -19.3639
4486.8281  289.0484  0.2327  12.2632  -19.3811
4491.7832  289.0539  0.2329  12.2489  -19.3994
4495.7969  289.0520  0.2332  12.2346  -19.4187
4501.6055  289.0516  0.2334  12.2202  -19.4388
4506.7104  289.0474  0.2334  12.2057  -19.4595
4511.6035  289.0612  0.2335  12.1908  -19.4805
4516.9766  289.0619  0.2331  12.1757  -19.5015
4522.0161  289.0553  0.2327  12.1601  -19.5223
4526.0229  289.0594  0.2322  12.1440  -19.5424
4531.3599  289.0592  0.2315  12.1275  -19.5617
4536.0200  289.0715  0.2314  12.1105  -19.5799
4540.8105  289.0591  0.2316  12.0932  -19.5967
4546.4053  289.0422  0.2318  12.0757  -19.6118
4551.9497  289.0618  0.2321  12.0580  -19.6250
4555.5112  289.0644  0.2311  12.0405  -19.6362
4560.2256  289.0704  0.2295  12.0232  -19.6455
4564.4155  289.0763  0.2283  12.0064  -19.6528
4569.7793  289.0718  0.2278  11.9901  -19.6581
4573.7524  289.0755  0.2285  11.9744  -19.6613
4578.5732  289.0718  0.2297  11.9595  -19.6623
4582.6216  289.0559  0.2304  11.9454  -19.6610
4587.3877  289.0570  0.2305  11.9323  -19.6575
4591.7715  289.0622  0.2295  11.9203  -19.6518
4596.8525  289.0650  0.2285  11.9094  -19.6439
4601.0640  289.0705  0.2291  11.8997  -19.6340
4605.7329  289.0785  0.2310  11.8914  -19.6220
4609.9736  289.0869  0.2332  11.8842  -19.6082
4613.3350  289.0928  0.2349  11.8784  -19.5924
4618.6309  289.0983  0.2357  11.8740  -19.5746
4623.0879  289.1053  0.2373  11.8709  -19.5551
4627.9033  289.1110  0.2387  11.8691  -19.5337
4631.8232  289.1155  0.2385  11.8687  -19.5105
4636.7617  289.1200  0.2378  11.8696  -19.4853
4640.7617  289.1245  0.2375  11.8717  -19.4581
4644.9160  289.1226  0.2375  11.8749  -19.4290
4649.0000  289.1164  0.2380  11.8791  -19.3979
4653.5972  289.1090  0.2383  11.8843  -19.3650
4658.8066  289.1023  0.2374  11.8904  -19.3305
4664.2476  289.1014  0.2353  11.8974  -19.2944
4669.8184  289.1058  0.2329  11.9054  -19.2568
4673.9551  289.1137  0.2305  11.9146  -19.2177
4678.3955  289.1201  0.2291  11.9251  -19.1771
4683.2256  289.1179  0.2284  11.9370  -19.1351
4686.8760  289.1272  0.2273  11.9505  -19.0920
4690.8521  289.1301  0.2251  11.9654  -19.0478
4696.0371  289.1273  0.2227  11.9819  -19.0028
4700.2739  289.1304  0.2205  11.9998  -18.9571
4704.4868  289.1491  0.2183  12.0193  -18.9109
4709.7959  289.1586  0.2162  12.0404  -18.8642
4714.2822  289.1603  0.2152  12.0631  -18.8174
4717.6704  289.1716  0.2150  12.0876  -18.7705
4724.1973  289.1635  0.2136  12.1137  -18.7238
4729.3257  289.1608  0.2110  12.1416  -18.6773
4735.3442  289.1690  0.2067  12.1711  -18.6312
4741.6968  289.1750  0.2009  12.2022  -18.5854
4746.4712  289.1906  0.1955  12.2347  -18.5404
4751.8740  289.1939  0.1909  12.2684  -18.4964
4757.2798  289.2004  0.1877  12.3035  -18.4537
4763.1597  289.1962  0.1853  12.3398  -18.4122
4767.5259  289.2133  0.1826  12.3771  -18.3720
4772.4990  289.2260  0.1782  12.4151  -18.3327
4777.4570  289.2410  0.1739  12.4535  -18.2943
4782.1353  289.2506  0.1725  12.4919  -18.2566
4787.2773  289.2552  0.1741  12.5303  -18.2196
4791.5659  289.2584  0.1765  12.5686  -18.1831
4795.9243  289.2582  0.1782  12.6067  -18.1473
4800.0454  289.2581  0.1790  12.6446  -18.1120
4805.1709  289.2568  0.1801  12.6821  -18.0773
4809.2695  289.2534  0.1815  12.7193  -18.0431
4813.5498  289.2518  0.1823  12.7560  -18.0094
4818.1084  289.2490  0.1815  12.7921  -17.9760
4821.4800  289.2508  0.1783  12.8276  -17.9430
4826.6030  289.2624  0.1737  12.8624  -17.9102
4830.9917  289.2792  0.1690  12.8964  -17.8776
4835.1294  289.2934  0.1658  12.9298  -17.8449
4838.4912  289.2958  0.1642  12.9626  -17.8123
4842.5386  289.3002  0.1630  12.9948  -17.7799
4847.2822  289.3066  0.1619  13.0267  -17.7478
4852.2671  289.3043  0.1612  13.0583  -17.7162
4856.8159  289.3148  0.1613  13.0897  -17.6853
4861.1577  289.3224  0.1614  13.1211  -17.6552
4865.9946  289.3241  0.1614  13.1524  -17.6263
4869.9990  289.3326  0.1618  13.1836  -17.5988
4874.4990  289.3389  0.1624  13.2148  -17.5729
4880.2324  289.3306  0.1628  13.2459  -17.5489
4886.6743  289.3256  0.1634  13.2768  -17.5268
4894.8345  289.3097  0.1641  13.3075  -17.5068
4902.7598  289.2995  0.1649  13.3379  -17.4887
4910.6997  289.2954  0.1655  13.3679  -17.4726
4918.8149  289.2922  0.1657  13.3975  -17.4585
4926.4180  289.2869  0.1652  13.4267  -17.4465
4932.6187  289.2870  0.1634  13.4555  -17.4364
4937.7065  289.2995  0.1607  13.4838  -17.4284
4942.2046  289.3175  0.1588  13.5115  -17.4223
4945.8555  289.3225  0.1594  13.5386  -17.4181
4949.1851  289.3325  0.1631  13.5648  -17.4158
4953.2329  289.3499  0.1683  13.5902  -17.4151
4957.9692  289.3629  0.1716  13.6148  -17.4158
4961.4893  289.3686  0.1720  13.6383  -17.4176
4966.0923  289.3684  0.1722  13.6609  -17.4203
4970.5312  289.3663  0.1748  13.6825  -17.4236
4974.5864  289.3720  0.1794  13.7034  -17.4274
4977.6812  289.3835  0.1838  13.7236  -17.4315
4980.9692  289.3914  0.1858  13.7431  -17.4357
4984.9512  289.3960  0.1852  13.7621  -17.4399
4989.8628  289.4001  0.1831  13.7807  -17.4439
4993.2339  289.4033  0.1808  13.7989  -17.4477
4996.9780  289.4048  0.1786  13.8169  -17.4512
5000.1997  289.4099  0.1770  13.8347  -17.4546
5004.6265  289.4188  0.1765  13.8526  -17.4580
5009.1499  289.4230  0.1771  13.8708  -17.4616
5012.6836  289.4222  0.1778  13.8895  -17.4654
5016.8281  289.4260  0.1777  13.9088  -17.4697
5020.9116  289.4303  0.1767  13.9287  -17.4745
5025.2441  289.4309  0.1751  13.9491  -17.4800
5028.0073  289.4335  0.1741  13.9700  -17.4863
5032.1724  289.4346  0.1746  13.9917  -17.4938
5035.5376  289.4357  0.1766  14.0141  -17.5028
5040.4194  289.4425  0.1794  14.0373  -17.5135
5044.1812  289.4541  0.1819  14.0614  -17.5262
5047.7720  289.4703  0.1830  14.0861  -17.5411
5051.5908  289.4879  0.1818  14.1116  -17.5585
5056.4326  289.5098  0.1787  14.1376  -17.5785
5060.7856  289.5316  0.1751  14.1642  -17.6012
5064.1475  289.5454  0.1718  14.1912  -17.6270
5069.2832  289.5562  0.1696  14.2186  -17.6558
5073.4126  289.5678  0.1686  14.2463  -17.6875
5077.3477  289.5736  0.1685  14.2741  -17.7216
5080.8887  289.5755  0.1688  14.3018  -17.7579
5084.6343  289.5843  0.1687  14.3291  -17.7962
5088.9424  289.5959  0.1676  14.3559  -17.8363
5093.2427  289.6063  0.1660  14.3821  -17.8780
5096.8271  289.6120  0.1645  14.4076  -17.9214
5101.7935  289.6088  0.1630  14.4324  -17.9662
5106.6670  289.6069  0.1614  14.4565  -18.0120
5111.2383  289.6131  0.1598  14.4799  -18.0582
5116.0234  289.6167  0.1573  14.5025  -18.1045
5121.1782  289.6182  0.1540  14.5246  -18.1501
5125.9004  289.6260  0.1503  14.5459  -18.1946
5130.2139  289.6370  0.1475  14.5665  -18.2376
5135.5776  289.6418  0.1459  14.5864  -18.2789
5140.6240  289.6488  0.1447  14.6057  -18.3181
5143.8984  289.6578  0.1433  14.6244  -18.3550
5148.9683  289.6655  0.1415  14.6427  -18.3893
5153.0054  289.6757  0.1408  14.6609  -18.4210
5155.7769  289.6870  0.1413  14.6791  -18.4498
5159.9673  289.6850  0.1415  14.6974  -18.4758
5164.9912  289.6797  0.1416  14.7162  -18.4991
5169.3486  289.6806  0.1415  14.7354  -18.5195
5172.9067  289.6836  0.1412  14.7553  -18.5373
5177.6372  289.6822  0.1409  14.7761  -18.5525
5181.6514  289.6830  0.1402  14.7979  -18.5653
5186.4604  289.6852  0.1388  14.8208  -18.5757
5190.9028  289.6880  0.1369  14.8450  -18.5841
5196.0576  289.6958  0.1353  14.8707  -18.5905
5200.2280  289.7024  0.1343  14.8979  -18.5954
5204.3848  289.7073  0.1337  14.9267  -18.5991
5207.7861  289.7118  0.1336  14.9570  -18.6020
5212.2280  289.7087  0.1339  14.9891  -18.6046
5216.3892  289.7063  0.1349  15.0227  -18.6072
5221.1396  289.7083  0.1359  15.0581  -18.6102
5225.2129  289.7088  0.1363  15.0950  -18.6139
5229.8301  289.7090  0.1360  15.1336  -18.6186
5234.7573  289.7072  0.1356  15.1736  -18.6247
5238.1592  289.7035  0.1356  15.2151  -18.6323
5243.0117  289.6977  0.1360  15.2579  -18.6417
5247.6606  289.6964  0.1366  15.3020  -18.6529
5251.3931  289.7042  0.1366  15.3473  -18.6660
5255.3667  289.7082  0.1353  15.3935  -18.6810
5259.3589  289.7050  0.1336  15.4405  -18.6979
5263.5391  289.7021  0.1326  15.4882  -18.7167
5268.1470  289.7023  0.1325  15.5364  -18.7371
5271.4810  289.7057  0.1333  15.5848  -18.7590
5275.5488  289.7061  0.1340  15.6333  -18.7822
5279.1704  289.7040  0.1335  15.6819  -18.8067
5282.9312  289.7053  0.1320  15.7304  -18.8322
5287.0791  289.7102  0.1301  15.7790  -18.8586
5291.1025  289.7191  0.1286  15.8274  -18.8858
5295.5024  289.7265  0.1276  15.8758  -18.9133
5300.1489  289.7273  0.1259  15.9239  -18.9407
5303.7275  289.7282  0.1230  15.9715  -18.9678
5307.7466  289.7356  0.1195  16.0185  -18.9942
5311.8687  289.7475  0.1169  16.0646  -19.0196
5315.6597  289.7633  0.1167  16.1098  -19.0438
5319.5869  289.7809  0.1182  16.1540  -19.0669
5323.1880  289.7936  0.1204  16.1974  -19.0886
5327.6060  289.8041  0.1230  16.2399  -19.1090
5331.7383  289.8248  0.1262  16.2815  -19.1281
5335.9204  289.8461  0.1297  16.3222  -19.1459
5339.2871  289.8617  0.1332  16.3619  -19.1626
5343.5044  289.8757  0.1374  16.4004  -19.1782
5347.3398  289.8904  0.1424  16.4377  -19.1927
5351.1470  289.9055  0.1473  16.4734  -19.2062
5354.5298  289.9121  0.1502  16.5075  -19.2189
5360.4351  289.9110  0.1509  16.5398  -19.2307
5365.6641  289.9123  0.1511  16.5703  -19.2419
5369.0386  289.9191  0.1515  16.5987  -19.2526
5373.3374  289.9270  0.1517  16.6253  -19.2633
5377.8857  289.9348  0.1504  16.6498  -19.2740
5380.9790  289.9496  0.1474  16.6723  -19.2849
5385.4307  289.9632  0.1436  16.6928  -19.2960
5390.0356  289.9689  0.1403  16.7112  -19.3074
5393.5767  289.9742  0.1377  16.7276  -19.3190
5397.3750  289.9850  0.1355  16.7420  -19.3307
5400.7681  289.9952  0.1341  16.7544  -19.3424
5405.4688  289.9950  0.1341  16.7648  -19.3542
5409.0332  289.9927  0.1348  16.7731  -19.3661
5412.6792  289.9932  0.1349  16.7793  -19.3779
5416.7080  289.9990  0.1338  16.7835  -19.3897
5420.1328  290.0066  0.1315  16.7859  -19.4012
5424.1665  290.0124  0.1287  16.7868  -19.4123
5428.5049  290.0150  0.1262  16.7865  -19.4228
5433.2246  290.0157  0.1243  16.7850  -19.4327
5437.4907  290.0185  0.1223  16.7825  -19.4417
5440.6934  290.0259  0.1198  16.7790  -19.4497
5445.1104  290.0304  0.1166  16.7748  -19.4566
5449.4644  290.0330  0.1134  16.7696  -19.4619
5453.9243  290.0384  0.1117  16.7637  -19.4657
5457.4463  290.0452  0.1115  16.7570  -19.4678
5461.3716  290.0487  0.1120  16.7495  -19.4681
5465.1294  290.0498  0.1124  16.7413  -19.4665
5468.3389  290.0470  0.1123  16.7326  -19.4630
5472.7734  290.0450  0.1117  16.7234  -19.4579
5477.1401  290.0479  0.1107  16.7138  -19.4512
5480.8281  290.0549  0.1097  16.7039  -19.4430
5485.5518  290.0608  0.1090  16.6938  -19.4335
5491.2729  290.0635  0.1086  16.6834  -19.4229
5495.1299  290.0713  0.1085  16.6729  -19.4112
5499.4844  290.0833  0.1087  16.6623  -19.3986
5504.1602  290.0882  0.1088  16.6519  -19.3853
5508.2544  290.0911  0.1087  16.6417  -19.3715
5512.9590  290.0940  0.1085  16.6318  -19.3575
5516.2642  290.0946  0.1080  16.6222  -19.3437
5521.7251  290.0958  0.1074  16.6133  -19.3304
5525.7241  290.0986  0.1071  16.6050  -19.3180
5530.3149  290.1067  0.1068  16.5977  -19.3067
5535.8975  290.1211  0.1063  16.5913  -19.2969
5540.4873  290.1405  0.1053  16.5862  -19.2890
5545.3647  290.1605  0.1042  16.5824  -19.2831
5550.4307  290.1840  0.1035  16.5801  -19.2798
5555.6294  290.2119  0.1037  16.5796  -19.2791
5560.9673  290.2239  0.1046  16.5809  -19.2815
5569.1763  290.2189  0.1058  16.5842  -19.2872
5580.2725  290.2146  0.1064  16.5893  -19.2965
5587.6992  290.2188  0.1061  16.5960  -19.3095
5594.1050  290.2220  0.1048  16.6043  -19.3263
5600.8062  290.2213  0.1028  16.6139  -19.3471
5607.1504  290.2347  0.1005  16.6244  -19.3717
5611.2549  290.2700  0.0986  16.6355  -19.4003
5617.4004  290.2957  0.0972  16.6470  -19.4326
5621.0229  290.3019  0.0969  16.6585  -19.4688
5626.0103  290.2952  0.0976  16.6696  -19.5086
5632.1738  290.2838  0.0988  16.6800  -19.5518
5636.3120  290.2841  0.0998  16.6893  -19.5984
5641.2476  290.2866  0.1004  16.6971  -19.6479
5646.6152  290.2821  0.1006  16.7029  -19.7002
5649.8848  290.2810  0.1010  16.7061  -19.7549
5654.5225  290.2815  0.1014  16.7065  -19.8118
5659.0449  290.2836  0.1016  16.7036  -19.8704
5663.4141  290.2889  0.1015  16.6970  -19.9304
5667.9004  290.2892  0.1010  16.6864  -19.9911
5672.3091  290.2896  0.1004  16.6717  -20.0523
5675.9927  290.2938  0.0996  16.6526  -20.1133
5680.5850  290.3003  0.0987  16.6292  -20.1739
5683.7549  290.3115  0.0977  16.6013  -20.2337
5688.0854  290.3219  0.0969  16.5692  -20.2924
5692.3164  290.3262  0.0968  16.5329  -20.3497
5696.7158  290.3250  0.0970  16.4927  -20.4052
5699.6909  290.3212  0.0973  16.4486  -20.4584
5703.3101  290.3193  0.0975  16.4011  -20.5089
5707.9004  290.3173  0.0978  16.3503  -20.5566
5711.5898  290.3151  0.0981  16.2965  -20.6012
5716.1548  290.3141  0.0982  16.2400  -20.6428
5720.0723  290.3190  0.0978  16.1811  -20.6813
5723.7368  290.3321  0.0962  16.1201  -20.7168
5728.1650  290.3591  0.0924  16.0573  -20.7494
5731.2808  290.4092  0.0867  15.9931  -20.7791
5735.6665  290.4698  0.0807  15.9278  -20.8059
5739.3740  290.5156  0.0764  15.8616  -20.8299
5743.9902  290.5367  0.0747  15.7948  -20.8513
5748.0229  290.5459  0.0749  15.7273  -20.8701
5751.4844  290.5582  0.0755  15.6591  -20.8864
5755.7471  290.5752  0.0755  15.5904  -20.9004
5759.0132  290.5957  0.0751  15.5210  -20.9121
5762.6362  290.6202  0.0744  15.4509  -20.9216
5766.5327  290.6466  0.0737  15.3799  -20.9291
5770.4648  290.6865  0.0731  15.3077  -20.9349
5775.2485  290.7438  0.0725  15.2342  -20.9391
5779.4111  290.8147  0.0710  15.1593  -20.9422
5782.8418  290.9160  0.0680  15.0829  -20.9441
5786.8525  291.0798  0.0635  15.0050  -20.9453
5791.8193  291.2812  0.0579  14.9254  -20.9459
5795.1802  291.4813  0.0526  14.8440  -20.9460
5798.7651  291.6653  0.0484  14.7609  -20.9457
5803.1069  291.8059  0.0456  14.6758  -20.9452
5806.6211  291.9062  0.0443  14.5888  -20.9445
5811.1753  291.9771  0.0438  14.4998  -20.9437
5815.3374  292.0300  0.0435  14.4087  -20.9431
5819.6606  292.0854  0.0435  14.3156  -20.9428
5823.4888  292.1368  0.0433  14.2207  -20.9429
5828.0083  292.1783  0.0431  14.1244  -20.9437
5832.2368  292.2218  0.0428  14.0268  -20.9455
5836.2290  292.2803  0.0423  13.9284  -20.9484
5839.8872  292.3445  0.0417  13.8296  -20.9526
5844.9126  292.3986  0.0411  13.7307  -20.9582
5848.5361  292.4564  0.0405  13.6321  -20.9655
5853.6284  292.5198  0.0400  13.5344  -20.9743
5857.1914  292.5820  0.0396  13.4377  -20.9847
5861.4727  292.6321  0.0392  13.3426  -20.9965
5865.5957  292.6656  0.0389  13.2493  -21.0096
5870.3994  292.6931  0.0387  13.1583  -21.0241
5874.6982  292.7233  0.0383  13.0701  -21.0396
5878.4756  292.7672  0.0376  12.9848  -21.0560
5883.9468  292.8350  0.0364  12.9028  -21.0732
5888.2915  292.9103  0.0353  12.8243  -21.0908
5893.3501  292.9757  0.0346  12.7494  -21.1086
5899.2896  293.0252  0.0342  12.6783  -21.1262
5904.4736  293.0658  0.0338  12.6110  -21.1433
5908.4487  293.1083  0.0335  12.5477  -21.1596
5912.6846  293.1516  0.0332  12.4884  -21.1746
5917.2524  293.1846  0.0332  12.4331  -21.1880
5921.4897  293.2015  0.0333  12.3819  -21.1996
5925.2485  293.2075  0.0334  12.3346  -21.2089
5929.6938  293.2120  0.0335  12.2912  -21.2159
5933.3682  293.2201  0.0336  12.2515  -21.2201
5937.3848  293.2217  0.0338  12.2152  -21.2215
5940.8589  293.2173  0.0338  12.1821  -21.2198
5945.1182  293.2181  0.0337  12.1520  -21.2151
5949.3062  293.2275  0.0337  12.1245  -21.2072
5953.1821  293.2438  0.0337  12.0998  -21.1962
5957.5005  293.2625  0.0336  12.0775  -21.1822
5961.7261  293.2745  0.0335  12.0576  -21.1650
5964.3867  293.2827  0.0335  12.0401  -21.1450
5968.0562  293.2876  0.0337  12.0247  -21.1223
5972.3818  293.2955  0.0337  12.0115  -21.0969
5977.6362  293.3199  0.0335  12.0003  -21.0692
5981.7300  293.3744  0.0326  11.9912  -21.0393
5985.7305  293.4608  0.0310  11.9841  -21.0074
5989.6001  293.5429  0.0295  11.9791  -20.9736
5993.7163  293.5926  0.0285  11.9763  -20.9382
5997.9424  293.6193  0.0280  11.9754  -20.9014
6002.2158  293.6359  0.0276  11.9764  -20.8639
6006.4570  293.6480  0.0271  11.9791  -20.8259
6010.1196  293.6598  0.0269  11.9835  -20.7879
6014.3193  293.6693  0.0268  11.9896  -20.7500
6018.3599  293.6785  0.0268  11.9976  -20.7120
6022.0986  293.6888  0.0267  12.0078  -20.6737
6026.4556  293.6920  0.0265  12.0201  -20.6351
6030.6436  293.6958  0.0264  12.0346  -20.5962
6034.2681  293.7062  0.0263  12.0511  -20.5572
6038.9111  293.7141  0.0262  12.0695  -20.5181
6042.4985  293.7219  0.0260  12.0896  -20.4793
6046.5327  293.7327  0.0259  12.1113  -20.4407
6050.9019  293.7393  0.0258  12.1342  -20.4025
6054.9570  293.7437  0.0259  12.1584  -20.3646
6058.6523  293.7525  0.0258  12.1837  -20.3272
6062.7466  293.7688  0.0256  12.2102  -20.2903
6066.6875  293.7896  0.0253  12.2378  -20.2540
6070.8018  293.8191  0.0249  12.2667  -20.2183
6075.3550  293.8589  0.0245  12.2971  -20.1832
6080.2266  293.8990  0.0241  12.3289  -20.1487
6085.0605  293.9413  0.0238  12.3620  -20.1149
6090.1147  293.9821  0.0235  12.3962  -20.0817
6094.4365  294.0099  0.0231  12.4310  -20.0489
6099.3833  294.0238  0.0229  12.4661  -20.0163
6103.4971  294.0329  0.0228  12.5012  -19.9842
6106.9756  294.0443  0.0228  12.5361  -19.9524
6111.7207  294.0555  0.0228  12.5709  -19.9211
6115.7041  294.0685  0.0227  12.6055  -19.8905
6120.7959  294.0888  0.0227  12.6398  -19.8603
6124.9785  294.1062  0.0227  12.6738  -19.8306
6130.5308  294.0975  0.0228  12.7072  -19.8011
6137.4775  294.0712  0.0230  12.7399  -19.7717
6144.1680  294.0579  0.0232  12.7717  -19.7421
6149.7500  294.0629  0.0232  12.8023  -19.7123
6155.2031  294.0616  0.0231  12.8316  -19.6820
6162.0225  294.0514  0.0230  12.8593  -19.6511
6167.7266  294.0604  0.0228  12.8852  -19.6196
6171.1680  294.0850  0.0225  12.9092  -19.5874
6174.9844  294.1014  0.0223  12.9313  -19.5547
6178.3091  294.1117  0.0222  12.9516  -19.5215
6181.8457  294.1180  0.0221  12.9701  -19.4878
6186.4287  294.1364  0.0219  12.9868  -19.4539
6191.3042  294.1808  0.0215  13.0016  -19.4198
6195.5527  294.2219  0.0211  13.0147  -19.3855
6199.4224  294.2391  0.0209  13.0262  -19.3510
6202.6147  294.2476  0.0206  13.0364  -19.3164
6206.2295  294.2824  0.0203  13.0455  -19.2820
6211.6899  294.3388  0.0201  13.0538  -19.2480
6216.5420  294.3820  0.0200  13.0617  -19.2146
6221.1050  294.4060  0.0200  13.0695  -19.1821
6225.7700  294.4209  0.0199  13.0773  -19.1505
6231.1274  294.4325  0.0198  13.0855  -19.1199
6237.1802  294.4334  0.0196  13.0941  -19.0904
6245.5562  294.4347  0.0196  13.1035  -19.0621
6250.0605  294.4534  0.0197  13.1138  -19.0348
6252.6167  294.4769  0.0197  13.1253  -19.0085
6256.2700  294.4980  0.0196  13.1382  -18.9832
6258.9277  294.5131  0.0194  13.1528  -18.9586
6262.5703  294.5347  0.0193  13.1692  -18.9345
6266.1787  294.5568  0.0192  13.1877  -18.9107
6269.3818  294.5510  0.0191  13.2081  -18.8869
6272.8237  294.5339  0.0190  13.2304  -18.8630
6275.8369  294.5407  0.0190  13.2546  -18.8387
6279.3843  294.5611  0.0190  13.2806  -18.8138
6282.2305  294.5738  0.0191  13.3083  -18.7880
6285.1895  294.5755  0.0194  13.3376  -18.7612
6288.2070  294.5768  0.0196  13.3683  -18.7330
6292.4985  294.5884  0.0197  13.4002  -18.7035
6295.5908  294.6124  0.0196  13.4331  -18.6727
6299.4653  294.6552  0.0193  13.4666  -18.6407
6303.5698  294.7135  0.0188  13.5007  -18.6074
6305.9116  294.7730  0.0181  13.5355  -18.5728
6308.9536  294.8180  0.0175  13.5710  -18.5367
6313.0005  294.8590  0.0168  13.6073  -18.4995
6316.0010  294.9112  0.0163  13.6443  -18.4612
6319.5425  294.9790  0.0158  13.6821  -18.4225
6322.5723  295.0803  0.0155  13.7203  -18.3842
6325.4126  295.1973  0.0152  13.7590  -18.3469
6328.4780  295.2880  0.0149  13.7981  -18.3114
6331.2734  295.3726  0.0146  13.8379  -18.2784
6333.5996  295.4769  0.0145  13.8787  -18.2486
6337.4766  295.5765  0.0143  13.9206  -18.2225
6340.2080  295.6599  0.0140  13.9639  -18.2010
6343.2725  295.7427  0.0136  14.0087  -18.1846
6346.3076  295.8503  0.0132  14.0553  -18.1743
6349.1577  296.0064  0.0127  14.1040  -18.1706
6352.7515  296.1807  0.0122  14.1549  -18.1744
6354.7988  296.3341  0.0117  14.2083  -18.1864
6358.3374  296.4472  0.0114  14.2642  -18.2070
6361.8071  296.5319  0.0113  14.3223  -18.2368
6364.7217  296.6011  0.0113  14.3827  -18.2761
6367.7446  296.6504  0.0113  14.4453  -18.3254
6371.3188  296.6898  0.0114  14.5101  -18.3849
6373.2593  296.7340  0.0115  14.5772  -18.4551
6376.3530  296.7911  0.0114  14.6466  -18.5360
6379.0864  296.8610  0.0112  14.7181  -18.6275
6382.0801  296.9366  0.0111  14.7920  -18.7295
6386.7563  296.9923  0.0110  14.8679  -18.8415
6389.6606  297.0207  0.0111  14.9456  -18.9632
6393.1533  297.0355  0.0110  15.0250  -19.0942
6397.0796  297.0582  0.0109  15.1056  -19.2342
6400.1309  297.1011  0.0109  15.1874  -19.3825
6404.0737  297.1506  0.0109  15.2699  -19.5386
6408.5747  297.1998  0.0110  15.3529  -19.7018
6412.3657  297.2567  0.0111  15.4361  -19.8714
6416.0190  297.3479  0.0110  15.5191  -20.0467
6419.1509  297.5026  0.0107  15.6017  -20.2269
6422.8809  297.6793  0.0101  15.6837  -20.4112
6426.2891  297.8289  0.0096  15.7648  -20.5989
6430.2510  297.9539  0.0091  15.8449  -20.7893
6433.9565  298.0656  0.0088  15.9234  -20.9815
6437.7651  298.1658  0.0086  15.9998  -21.1748
6441.3052  298.2454  0.0084  16.0738  -21.3684
6445.3350  298.3109  0.0082  16.1452  -21.5615
6449.9302  298.3830  0.0081  16.2136  -21.7533
6453.8823  298.4784  0.0078  16.2791  -21.9433
6457.3691  298.5888  0.0075  16.3413  -22.1311
6461.4185  298.6933  0.0073  16.4003  -22.3160
6465.3398  298.8088  0.0073  16.4557  -22.4977
6469.1084  298.9507  0.0073  16.5075  -22.6757
6473.1489  299.0941  0.0073  16.5556  -22.8496
6476.8550  299.2195  0.0072  16.6000  -23.0192
6480.6475  299.3305  0.0072  16.6408  -23.1841
6483.9556  299.4552  0.0072  16.6780  -23.3443
6488.4937  299.5983  0.0072  16.7118  -23.4997
6492.6328  299.7336  0.0073  16.7424  -23.6503
6497.3022  299.8436  0.0073  16.7702  -23.7962
6502.3540  299.9391  0.0074  16.7954  -23.9375
6505.7329  300.0385  0.0074  16.8185  -24.0742
6510.2158  300.1376  0.0075  16.8400  -24.2067
6514.6499  300.2229  0.0075  16.8606  -24.3350
6519.6582  300.2798  0.0076  16.8806  -24.4593
6523.7393  300.3244  0.0076  16.9002  -24.5796
6528.0811  300.3742  0.0077  16.9195  -24.6960
6533.0967  300.4272  0.0078  16.9385  -24.8087
6537.5913  300.4717  0.0078  16.9576  -24.9181
6541.8550  300.5046  0.0077  16.9770  -25.0243
6546.9736  300.5339  0.0077  16.9967  -25.1274
6550.6138  300.5727  0.0076  17.0167  -25.2276
6556.4229  300.6212  0.0075  17.0367  -25.3249
6560.7559  300.6748  0.0074  17.0565  -25.4196
6565.7568  300.7329  0.0073  17.0761  -25.5119
6571.1753  300.7811  0.0072  17.0952  -25.6020
6578.6167  300.8173  0.0071  17.1135  -25.6899
6586.7539  300.8560  0.0070  17.1309  -25.7757
6591.2285  300.8928  0.0070  17.1469  -25.8593
6595.8848  300.9199  0.0070  17.1610  -25.9407
6600.3848  300.9426  0.0070  17.1727  -26.0198
6604.8193  300.9720  0.0069  17.1817  -26.0965
6608.7793  301.0090  0.0069  17.1874  -26.1709
6612.8433  301.0533  0.0068  17.1897  -26.2429
6617.7808  301.0937  0.0069  17.1882  -26.3127
6623.6079  301.1151  0.0070  17.1830  -26.3802
6627.7534  301.1248  0.0070  17.1743  -26.4454
6634.0327  301.1404  0.0071  17.1621  -26.5082
6638.3975  301.1831  0.0072  17.1468  -26.5686
6643.4258  301.2438  0.0072  17.1288  -26.6262
6648.8047  301.3025  0.0072  17.1084  -26.6809
6654.0605  301.3547  0.0073  17.0861  -26.7324
6659.3579  301.3939  0.0074  17.0624  -26.7805
6665.2305  301.4340  0.0075  17.0379  -26.8250
6671.0039  301.4935  0.0077  17.0133  -26.8656
6677.0815  301.5539  0.0079  16.9890  -26.9022
6684.3608  301.6007  0.0080  16.9658  -26.9345
6692.1978  301.6375  0.0081  16.9445  -26.9621
6700.6938  301.6768  0.0080  16.9258  -26.9850
6708.0601  301.7509  0.0079  16.9102  -27.0030
6714.5127  301.8313  0.0077  16.8984  -27.0158
6720.8018  301.8787  0.0074  16.8907  -27.0235
6727.7769  301.8795  0.0071  16.8873  -27.0258
6737.0400  301.8546  0.0071  16.8885  -27.0226
6746.4678  301.8429  0.0071  16.8942  -27.0137
6753.3022  301.8466  0.0072  16.9045  -26.9991
6758.8037  301.8469  0.0072  16.9191  -26.9791
6763.2896  301.8464  0.0072  16.9380  -26.9536
6767.4956  301.8509  0.0072  16.9606  -26.9229
6771.4419  301.8574  0.0071  16.9866  -26.8872
6775.1079  301.8747  0.0069  17.0155  -26.8469
6779.5898  301.9060  0.0069  17.0467  -26.8023
6783.8623  301.9302  0.0070  17.0792  -26.7535
6789.0854  301.9299  0.0072  17.1124  -26.7010
6792.6274  301.9253  0.0072  17.1459  -26.6449
6796.8389  301.9507  0.0072  17.1790  -26.5858
6800.7354  302.0233  0.0071  17.2112  -26.5241
6805.5811  302.1257  0.0070  17.2421  -26.4602
6809.9453  302.2182  0.0069  17.2710  -26.3948
6814.2979  302.2928  0.0069  17.2974  -26.3284
6818.2939  302.3648  0.0069  17.3210  -26.2613
6822.6787  302.4187  0.0070  17.3414  -26.1941
6826.9058  302.4481  0.0070  17.3585  -26.1270
6830.5889  302.4724  0.0070  17.3722  -26.0604
6834.8530  302.5005  0.0070  17.3826  -25.9945
6839.8711  302.5213  0.0069  17.3899  -25.9294
6843.9082  302.5336  0.0069  17.3944  -25.8652
6848.5981  302.5396  0.0069  17.3964  -25.8022
6851.8662  302.5486  0.0069  17.3964  -25.7403
6857.1040  302.5624  0.0069  17.3949  -25.6795
6861.5640  302.5809  0.0069  17.3925  -25.6199
6866.6431  302.5992  0.0068  17.3896  -25.5615
6870.9009  302.6197  0.0068  17.3868  -25.5042
6874.9155  302.6450  0.0068  17.3844  -25.4478
6878.9111  302.6677  0.0069  17.3824  -25.3922
6883.4849  302.6846  0.0069  17.3812  -25.3373
6888.5576  302.7047  0.0068  17.3812  -25.2831
6892.1245  302.7311  0.0067  17.3830  -25.2295
6896.4287  302.7506  0.0067  17.3867  -25.1765
6901.1475  302.7595  0.0068  17.3928  -25.1238
6904.8774  302.7636  0.0068  17.4010  -25.0716
6909.8809  302.7689  0.0068  17.4115  -25.0199
6914.3564  302.7877  0.0068  17.4244  -24.9689
6917.7065  302.8200  0.0068  17.4395  -24.9187
6921.6743  302.8447  0.0068  17.4569  -24.8694
6926.2988  302.8564  0.0068  17.4762  -24.8212
6929.4404  302.8644  0.0067  17.4970  -24.7742
6933.7285  302.8722  0.0067  17.5189  -24.7286
6936.9941  302.8823  0.0067  17.5412  -24.6848
6941.9053  302.8941  0.0067  17.5637  -24.6429
6945.6787  302.9058  0.0067  17.5860  -24.6031
6949.6787  302.9150  0.0067  17.6076  -24.5658
6953.8384  302.9262  0.0067  17.6283  -24.5312
6957.7764  302.9504  0.0067  17.6477  -24.4995
6962.8706  302.9910  0.0067  17.6655  -24.4707
6966.2114  303.0431  0.0066  17.6816  -24.4449
6969.9663  303.1123  0.0065  17.6955  -24.4220
6974.3486  303.1903  0.0064  17.7072  -24.4021
6977.6401  303.2606  0.0063  17.7164  -24.3853
6981.6504  303.3113  0.0063  17.7229  -24.3713
6985.8862  303.3413  0.0063  17.7268  -24.3601
6990.2573  303.3713  0.0063  17.7279  -24.3514
6994.7192  303.4237  0.0063  17.7265  -24.3449
6998.7295  303.4942  0.0063  17.7226  -24.3404
7003.0801  303.5565  0.0063  17.7166  -24.3377
7005.7017  303.6134  0.0063  17.7089  -24.3366
7009.6572  303.7017  0.0061  17.7000  -24.3368
7014.2197  303.8061  0.0060  17.6903  -24.3380
7018.3877  303.8969  0.0059  17.6804  -24.3402
7022.7793  303.9596  0.0058  17.6708  -24.3429
7027.1323  304.0164  0.0059  17.6622  -24.3460
7030.6484  304.1070  0.0061  17.6551  -24.3492
7035.0820  304.2222  0.0063  17.6501  -24.3525
7038.3623  304.3195  0.0066  17.6480  -24.3556
7042.6157  304.3736  0.0068  17.6493  -24.3586
7047.2280  304.4014  0.0070  17.6544  -24.3612
7051.7378  304.4375  0.0071  17.6638  -24.3635
7055.7646  304.5029  0.0071  17.6780  -24.3653
7058.9858  304.5924  0.0070  17.6974  -24.3667
7063.4399  304.6719  0.0070  17.7222  -24.3677
7068.3555  304.7358  0.0069  17.7527  -24.3682
7071.4683  304.8030  0.0069  17.7891  -24.3683
7076.8970  304.8779  0.0069  17.8315  -24.3681
7081.8521  304.9655  0.0070  17.8798  -24.3676
7086.1631  305.0512  0.0071  17.9341  -24.3669
7091.3071  305.1288  0.0072  17.9939  -24.3659
7095.3843  305.2038  0.0072  18.0590  -24.3647
7099.3159  305.2727  0.0072  18.1290  -24.3632
7104.4595  305.3397  0.0071  18.2035  -24.3615
7109.0513  305.3936  0.0070  18.2819  -24.3595
7113.3862  305.4156  0.0069  18.3638  -24.3570
7117.9849  305.4278  0.0067  18.4488  -24.3540
7121.7168  305.4599  0.0067  18.5364  -24.3502
7126.6172  305.5145  0.0067  18.6261  -24.3455
7131.2959  305.5807  0.0068  18.7173  -24.3399
7136.2715  305.6490  0.0069  18.8098  -24.3332
7139.9189  305.7098  0.0071  18.9029  -24.3252
7143.2627  305.7480  0.0072  18.9963  -24.3161
7148.1450  305.7620  0.0073  19.0894  -24.3057
7151.4727  305.7714  0.0074  19.1821  -24.2939
7156.2749  305.7883  0.0074  19.2736  -24.2806
7160.1685  305.8215  0.0075  19.3637  -24.2656
7164.3149  305.8557  0.0075  19.4521  -24.2488
7168.3228  305.8838  0.0075  19.5384  -24.2302
7171.9629  305.9080  0.0075  19.6225  -24.2096
7176.3970  305.9282  0.0076  19.7043  -24.1871
7181.2241  305.9408  0.0076  19.7837  -24.1627
7186.0767  305.9477  0.0076  19.8604  -24.1363
7189.6694  305.9583  0.0076  19.9344  -24.1081
7193.4800  305.9805  0.0076  20.0055  -24.0781
7198.0806  306.0090  0.0076  20.0737  -24.0464
7202.2534  306.0487  0.0076  20.1388  -24.0130
7205.7153  306.1033  0.0077  20.2006  -23.9782
7209.6230  306.1542  0.0077  20.2590  -23.9419
7213.9600  306.1886  0.0077  20.3140  -23.9042
7218.8120  306.2098  0.0077  20.3654  -23.8654
7221.8657  306.2261  0.0077  20.4133  -23.8253
7226.3516  306.2353  0.0077  20.4575  -23.7841
7230.5601  306.2425  0.0078  20.4978  -23.7418
7234.1470  306.2591  0.0078  20.5342  -23.6987
7238.9780  306.2799  0.0078  20.5664  -23.6548
7242.0293  306.3036  0.0079  20.5944  -23.6105
7245.6880  306.3295  0.0079  20.6181  -23.5660
7250.8994  306.3506  0.0079  20.6376  -23.5213
7255.4561  306.3644  0.0079  20.6528  -23.4769
7259.6270  306.3775  0.0079  20.6640  -23.4328
7263.2524  306.4003  0.0080  20.6711  -23.3893
7267.4824  306.4294  0.0080  20.6742  -23.3466
7271.3804  306.4596  0.0081  20.6735  -23.3048
7275.5181  306.4907  0.0081  20.6690  -23.2641
7279.8594  306.5189  0.0081  20.6609  -23.2245
7284.8179  306.5456  0.0081  20.6494  -23.1863
7288.3682  306.5788  0.0082  20.6347  -23.1498
7292.5757  306.6170  0.0082  20.6171  -23.1152
7295.8843  306.6650  0.0083  20.5967  -23.0831
7300.6826  306.7248  0.0085  20.5740  -23.0537
7304.4922  306.7894  0.0087  20.5493  -23.0273
7308.9648  306.8464  0.0088  20.5230  -23.0040
7312.7339  306.8826  0.0088  20.4958  -22.9841
7317.2275  306.9024  0.0087  20.4679  -22.9677
7322.1460  306.9169  0.0086  20.4400  -22.9549
7325.2744  306.9473  0.0085  20.4124  -22.9460
7329.4492  307.0042  0.0084  20.3855  -22.9412
7333.1816  307.0725  0.0083  20.3597  -22.9404
7337.9463  307.1355  0.0080  20.3354  -22.9439
7341.9937  307.1953  0.0077  20.3129  -22.9517
7346.7617  307.2541  0.0074  20.2927  -22.9637
7351.4043  307.3143  0.0072  20.2751  -22.9799
7354.7183  307.3829  0.0071  20.2605  -23.0001
7358.4883  307.4420  0.0072  20.2492  -23.0241
7362.8340  307.4893  0.0073  20.2415  -23.0516
7367.3521  307.5343  0.0075  20.2375  -23.0824
7371.9526  307.5704  0.0076  20.2374  -23.1160
7375.5371  307.5985  0.0077  20.2413  -23.1519
7379.8115  307.6289  0.0077  20.2491  -23.1898
7383.9282  307.6766  0.0076  20.2607  -23.2291
7388.4185  307.7300  0.0076  20.2762  -23.2691
7392.4956  307.7814  0.0076  20.2954  -23.3091
7396.5527  307.8203  0.0077  20.3181  -23.3484
7400.2510  307.8415  0.0077  20.3440  -23.3862
7405.1172  307.8462  0.0077  20.3728  -23.4220
7409.1982  307.8490  0.0077  20.4043  -23.4551
7413.8208  307.8629  0.0076  20.4381  -23.4849
7417.7651  307.8780  0.0076  20.4738  -23.5109
7421.9756  307.8861  0.0075  20.5109  -23.5326
7426.6030  307.8977  0.0075  20.5491  -23.5497
7430.6958  307.9142  0.0075  20.5878  -23.5618
7434.1489  307.9283  0.0074  20.6267  -23.5685
7438.4849  307.9380  0.0074  20.6652  -23.5696
7443.4331  307.9595  0.0074  20.7028  -23.5652
7446.7339  308.0078  0.0074  20.7392  -23.5551
7451.2271  308.0660  0.0074  20.7741  -23.5396
7455.0444  308.1150  0.0074  20.8072  -23.5191
7458.4585  308.1632  0.0074  20.8384  -23.4939
7462.1958  308.2202  0.0073  20.8676  -23.4645
7466.3843  308.2907  0.0073  20.8948  -23.4315
7470.9375  308.3748  0.0072  20.9199  -23.3957
7475.5708  308.4672  0.0072  20.9430  -23.3576
7479.9214  308.5542  0.0070  20.9641  -23.3182
7482.9824  308.6285  0.0068  20.9834  -23.2782
7487.8027  308.6941  0.0066  21.0011  -23.2386
7491.5898  308.8008  0.0062  21.0174  -23.2004
7495.8623  309.0257  0.0060  21.0326  -23.1642
7499.5947  309.3500  0.0058  21.0470  -23.1311
7503.7812  309.6056  0.0056  21.0609  -23.1018
7508.2261  309.7203  0.0055  21.0744  -23.0770
7511.2598  309.7628  0.0055  21.0880  -23.0573
7515.8096  309.7909  0.0055  21.1019  -23.0435
7520.2886  309.8230  0.0056  21.1162  -23.0360
7524.1685  309.8484  0.0057  21.1314  -23.0353
7528.3550  309.8628  0.0058  21.1476  -23.0417
7532.7217  309.8773  0.0059  21.1648  -23.0554
7536.5581  309.8911  0.0059  21.1833  -23.0764
7540.9946  309.9036  0.0059  21.2029  -23.1047
7545.0986  309.9189  0.0059  21.2235  -23.1403
7548.4966  309.9380  0.0059  21.2449  -23.1829
7552.4233  309.9654  0.0059  21.2669  -23.2323
7556.9565  309.9937  0.0059  21.2892  -23.2880
7561.4761  310.0408  0.0058  21.3114  -23.3497
7563.7578  310.1509  0.0057  21.3331  -23.4168
7567.8882  310.3469  0.0056  21.3539  -23.4890
7572.7207  310.6033  0.0056  21.3730  -23.5655
7576.5273  310.8302  0.0056  21.3902  -23.6460
7580.5986  310.9672  0.0055  21.4049  -23.7298
7584.2754  311.0394  0.0054  21.4166  -23.8164
7588.1401  311.0814  0.0054  21.4251  -23.9051
7592.4429  311.1167  0.0054  21.4300  -23.9951
7596.1592  311.1578  0.0054  21.4308  -24.0859
7600.5732  311.2010  0.0054  21.4274  -24.1768
7603.7251  311.2350  0.0054  21.4195  -24.2674
7607.4854  311.2581  0.0054  21.4068  -24.3571
7612.0205  311.2777  0.0054  21.3893  -24.4456
7615.5166  311.2997  0.0054  21.3671  -24.5323
7619.0337  311.3186  0.0054  21.3401  -24.6166
7622.5122  311.3311  0.0054  21.3087  -24.6982
7626.5596  311.3411  0.0054  21.2732  -24.7765
7630.9961  311.3593  0.0054  21.2339  -24.8512
7633.6304  311.3909  0.0053  21.1913  -24.9219
7637.7373  311.4243  0.0053  21.1461  -24.9883
7641.2417  311.4639  0.0053  21.0989  -25.0501
7644.6177  311.5205  0.0054  21.0503  -25.1071
7648.3301  311.5832  0.0054  21.0012  -25.1590
7652.4668  311.6410  0.0054  20.9523  -25.2056
7655.9419  311.6905  0.0053  20.9045  -25.2469
7660.2314  311.7340  0.0053  20.8586  -25.2826
7663.9927  311.7727  0.0052  20.8153  -25.3127
7667.0386  311.8067  0.0052  20.7754  -25.3373
7670.1597  311.8336  0.0052  20.7396  -25.3564
7673.8828  311.8593  0.0052  20.7087  -25.3702
7678.0400  311.8861  0.0052  20.6831  -25.3790
7681.8594  311.9264  0.0053  20.6634  -25.3831
7685.5605  311.9877  0.0052  20.6500  -25.3830
7689.4761  312.0725  0.0052  20.6432  -25.3791
7693.1743  312.1892  0.0052  20.6431  -25.3718
7697.2075  312.3067  0.0052  20.6497  -25.3616
7701.5640  312.4086  0.0052  20.6631  -25.3489
7704.7417  312.4958  0.0052  20.6831  -25.3343
7709.1548  312.5670  0.0052  20.7091  -25.3183
7711.9507  312.6320  0.0052  20.7409  -25.3014
7714.6421  312.6964  0.0051  20.7779  -25.2844
7719.2651  312.7634  0.0051  20.8195  -25.2678
7722.1909  312.8471  0.0051  20.8650  -25.2522
7725.4565  312.9375  0.0050  20.9137  -25.2383
7728.3691  313.0440  0.0051  20.9649  -25.2264
7732.1509  313.1886  0.0052  21.0179  -25.2171
7735.3335  313.3137  0.0052  21.0718  -25.2108
7738.5308  313.3667  0.0052  21.1257  -25.2078
7741.9448  313.3680  0.0052  21.1787  -25.2083
7745.7490  313.3584  0.0052  21.2300  -25.2125
7749.0972  313.3723  0.0051  21.2789  -25.2206
7752.1436  313.4138  0.0051  21.3249  -25.2328
7754.6738  313.5060  0.0051  21.3674  -25.2491
7758.7217  313.6265  0.0051  21.4060  -25.2694
7762.2817  313.7163  0.0051  21.4403  -25.2936
7764.6621  313.7646  0.0051  21.4702  -25.3218
7767.8975  313.7927  0.0050  21.4954  -25.3535
7771.5894  313.8265  0.0050  21.5161  -25.3888
7773.9980  313.8592  0.0050  21.5321  -25.4274
7777.0103  313.8909  0.0050  21.5436  -25.4690
7780.5664  313.9242  0.0050  21.5508  -25.5134
7784.2070  313.9508  0.0050  21.5541  -25.5601
7787.3608  313.9743  0.0050  21.5537  -25.6090
7790.5190  314.0213  0.0050  21.5502  -25.6595
7793.3008  314.1323  0.0050  21.5440  -25.7115
7796.1035  314.2890  0.0051  21.5357  -25.7645
7799.9126  314.4032  0.0051  21.5258  -25.8182
7802.3403  314.4544  0.0051  21.5147  -25.8723
7805.4751  314.4780  0.0050  21.5029  -25.9263
7808.7358  314.5016  0.0050  21.4907  -25.9797
7812.2109  314.5225  0.0049  21.4784  -26.0320
7815.8345  314.5365  0.0049  21.4664  -26.0829
7819.3433  314.5502  0.0050  21.4550  -26.1319
7822.1177  314.5622  0.0050  21.4444  -26.1786
7825.1118  314.5786  0.0050  21.4349  -26.2227
7828.0869  314.5929  0.0050  21.4268  -26.2635
7832.1978  314.6011  0.0050  21.4201  -26.3008
7833.8740  314.6157  0.0050  21.4148  -26.3341
7837.1875  314.6321  0.0050  21.4110  -26.3631
7840.7749  314.6488  0.0050  21.4086  -26.3874
7844.2407  314.6652  0.0050  21.4074  -26.4067
7847.3618  314.6832  0.0051  21.4074  -26.4209
7850.7339  314.7038  0.0051  21.4081  -26.4296
7854.2031  314.7251  0.0050  21.4094  -26.4327
7856.8398  314.7392  0.0050  21.4110  -26.4303
7861.1152  314.7534  0.0050  21.4125  -26.4224
7864.1826  314.7644  0.0050  21.4137  -26.4091
7866.6250  314.7719  0.0050  21.4144  -26.3907
7870.6899  314.7781  0.0050  21.4143  -26.3676
7873.4253  314.7935  0.0050  21.4131  -26.3400
7877.1748  314.8154  0.0050  21.4108  -26.3083
7879.6924  314.8263  0.0051  21.4071  -26.2733
7882.7090  314.8394  0.0051  21.4018  -26.2353
7885.5161  314.8666  0.0050  21.3947  -26.1949
7888.5327  314.9070  0.0049  21.3856  -26.1528
7891.6479  314.9525  0.0049  21.3745  -26.1094
7894.7646  315.0039  0.0049  21.3611  -26.0656
7898.5723  315.0862  0.0049  21.3455  -26.0220
7901.5376  315.1992  0.0049  21.3275  -25.9790
7904.2104  315.2998  0.0049  21.3070  -25.9374
7907.4399  315.3689  0.0048  21.2842  -25.8976
7909.9243  315.4251  0.0048  21.2591  -25.8600
7912.8477  315.4709  0.0049  21.2319  -25.8252
7916.3154  315.5213  0.0049  21.2026  -25.7933
7920.5068  315.5882  0.0049  21.1714  -25.7647
7923.8354  315.6561  0.0049  21.1385  -25.7396
7927.0073  315.6946  0.0049  21.1041  -25.7183
7930.3564  315.7118  0.0048  21.0682  -25.7007
7933.1919  315.7406  0.0048  21.0311  -25.6870
7935.7285  315.7774  0.0049  20.9931  -25.6771
7938.7827  315.8156  0.0049  20.9543  -25.6711
7941.9961  315.8655  0.0049  20.9150  -25.6686
7946.0425  315.9263  0.0049  20.8755  -25.6696
7949.2168  315.9810  0.0050  20.8360  -25.6739
7952.6289  316.0245  0.0050  20.7967  -25.6812
7955.9233  316.0623  0.0050  20.7576  -25.6914
7959.0737  316.1069  0.0050  20.7191  -25.7043
7962.6123  316.1523  0.0050  20.6813  -25.7196
7966.4844  316.2097  0.0049  20.6444  -25.7372
7968.9536  316.2702  0.0049  20.6084  -25.7569
7972.8203  316.3150  0.0049  20.5735  -25.7783
7976.6426  316.3445  0.0049  20.5398  -25.8014
7979.6099  316.3677  0.0050  20.5072  -25.8258
7982.5205  316.3902  0.0050  20.4757  -25.8513
7986.1675  316.4094  0.0050  20.4452  -25.8776
7989.5938  316.4165  0.0049  20.4155  -25.9044
7993.2500  316.4362  0.0048  20.3865  -25.9315
7997.7715  316.4754  0.0048  20.3582  -25.9585
8000.5591  316.5164  0.0048  20.3303  -25.9852
8004.0498  316.5700  0.0049  20.3027  -26.0111
8008.1050  316.6376  0.0049  20.2754  -26.0359
8011.5234  316.6975  0.0049  20.2481  -26.0591
8015.3032  316.7560  0.0049  20.2207  -26.0803
8018.8232  316.8158  0.0049  20.1930  -26.0992
8022.9897  316.8750  0.0049  20.1648  -26.1153
8026.9595  316.9307  0.0048  20.1360  -26.1282
8029.9722  316.9809  0.0048  20.1064  -26.1376
8033.3076  317.0349  0.0049  20.0761  -26.1427
8036.9395  317.0850  0.0049  20.0449  -26.1434
8041.1719  317.1051  0.0049  20.0128  -26.1390
8045.1440  317.1158  0.0049  19.9797  -26.1293
8048.0874  317.1422  0.0049  19.9459  -26.1138
8051.8228  317.1908  0.0048  19.9113  -26.0923
8055.7153  317.2637  0.0048  19.8760  -26.0648
8060.2676  317.3671  0.0048  19.8401  -26.0310
8064.3926  317.4760  0.0048  19.8036  -25.9912
8068.2700  317.5832  0.0048  19.7664  -25.9454
8071.5684  317.7021  0.0048  19.7286  -25.8938
8074.5015  317.8374  0.0048  19.6900  -25.8367
8078.8433  317.9449  0.0048  19.6506  -25.7744
8083.8140  318.0238  0.0048  19.6102  -25.7073
8087.1646  318.1025  0.0048  19.5686  -25.6361
8090.9507  318.2088  0.0048  19.5257  -25.5611
8095.4878  318.3598  0.0049  19.4814  -25.4834
8099.8164  318.5196  0.0049  19.4354  -25.4035
8104.6768  318.6303  0.0050  19.3877  -25.3225
8107.7529  318.7083  0.0050  19.3380  -25.2409
8111.8896  318.7895  0.0049  19.2861  -25.1597
8115.8530  318.8698  0.0048  19.2316  -25.0797
8120.2671  318.9381  0.0048  19.1741  -25.0016
8124.5811  318.9911  0.0048  19.1134  -24.9261
8128.1108  319.0271  0.0048  19.0489  -24.8539
8132.0811  319.0591  0.0049  18.9805  -24.7858
8136.2974  319.0999  0.0049  18.9080  -24.7222
8140.6724  319.1523  0.0048  18.8310  -24.6639
8143.8960  319.1975  0.0048  18.7496  -24.6112
8149.4517  319.2346  0.0047  18.6636  -24.5645
8154.0762  319.2927  0.0047  18.5729  -24.5240
8158.2964  319.3829  0.0047  18.4776  -24.4899
8161.6943  319.5037  0.0046  18.3776  -24.4623
8164.8525  319.6344  0.0046  18.2733  -24.4412
8170.0566  319.7604  0.0045  18.1648  -24.4266
8175.1313  319.8619  0.0045  18.0523  -24.4182
8179.0991  319.9470  0.0044  17.9364  -24.4160
8184.2124  320.0378  0.0045  17.8172  -24.4195
8188.7417  320.1187  0.0046  17.6954  -24.4284
8193.4141  320.1962  0.0046  17.5713  -24.4423
8197.2236  320.3005  0.0045  17.4455  -24.4608
8201.5293  320.4130  0.0044  17.3184  -24.4835
8206.4082  320.5180  0.0043  17.1907  -24.5097
8211.2461  320.6114  0.0043  17.0630  -24.5392
8215.9023  320.6858  0.0044  16.9360  -24.5712
8219.8877  320.7432  0.0043  16.8104  -24.6052
8224.4004  320.7991  0.0043  16.6869  -24.6408
8229.8896  320.8645  0.0043  16.5662  -24.6774
8233.4121  320.9474  0.0043  16.4491  -24.7146
8238.5020  321.0520  0.0044  16.3360  -24.7518
8242.9434  321.1495  0.0044  16.2275  -24.7887
8248.0195  321.2055  0.0044  16.1241  -24.8249
8253.7217  321.2290  0.0043  16.0263  -24.8599
8257.6211  321.2481  0.0043  15.9346  -24.8935
8263.1016  321.2675  0.0043  15.8493  -24.9253
8268.1240  321.2889  0.0044  15.7708  -24.9550
8273.8301  321.3178  0.0045  15.6996  -24.9823
8277.7705  321.3452  0.0045  15.6359  -25.0072
8282.6807  321.3663  0.0045  15.5800  -25.0295
8287.4746  321.3915  0.0044  15.5321  -25.0492
8292.1797  321.4299  0.0044  15.4923  -25.0661
8296.6172  321.4819  0.0044  15.4607  -25.0801
8300.9746  321.5514  0.0044  15.4375  -25.0913
8305.6191  321.6362  0.0044  15.4226  -25.0997
8310.9102  321.7223  0.0043  15.4161  -25.1052
8316.0771  321.8122  0.0043  15.4180  -25.1078
8320.9629  321.9039  0.0043  15.4281  -25.1077
8325.2852  321.9967  0.0043  15.4463  -25.1047
8330.2510  322.0782  0.0043  15.4725  -25.0990
8335.7178  322.1280  0.0043  15.5064  -25.0904
8340.2764  322.1525  0.0044  15.5478  -25.0791
8345.4766  322.1624  0.0045  15.5964  -25.0651
8350.9375  322.1612  0.0045  15.6517  -25.0485
8355.4658  322.1637  0.0046  15.7132  -25.0294
8361.0176  322.1650  0.0045  15.7806  -25.0080
8365.9473  322.1724  0.0044  15.8531  -24.9846
8370.5869  322.1846  0.0044  15.9303  -24.9593
8375.2334  322.1971  0.0043  16.0115  -24.9323
8379.7295  322.2094  0.0043  16.0960  -24.9035
8384.9668  322.2158  0.0043  16.1830  -24.8732
8389.7197  322.2216  0.0043  16.2720  -24.8415
8395.1250  322.2204  0.0044  16.3621  -24.8085
8400.6924  322.2312  0.0043  16.4524  -24.7745
8406.8174  322.2495  0.0043  16.5423  -24.7398
8411.8975  322.2518  0.0043  16.6309  -24.7046
8417.6191  322.2493  0.0043  16.7174  -24.6692
8423.6348  322.2413  0.0043  16.8011  -24.6339
8428.7207  322.2382  0.0042  16.8812  -24.5989
8433.6875  322.2434  0.0042  16.9569  -24.5645
8439.4043  322.2550  0.0042  17.0275  -24.5308
8445.6758  322.2686  0.0042  17.0923  -24.4982
8450.8408  322.2892  0.0042  17.1509  -24.4668
8455.9531  322.3082  0.0042  17.2029  -24.4369
8461.3584  322.3289  0.0042  17.2478  -24.4086
8466.1768  322.3574  0.0042  17.2854  -24.3822
8471.9600  322.3779  0.0042  17.3155  -24.3577
8478.0020  322.3950  0.0043  17.3378  -24.3352
8483.3008  322.4060  0.0043  17.3520  -24.3149
8488.4746  322.4115  0.0043  17.3582  -24.2968
8493.3809  322.4163  0.0042  17.3562  -24.2808
8499.3340  322.4185  0.0042  17.3464  -24.2670
8504.7695  322.4253  0.0041  17.3290  -24.2553
8509.6123  322.4360  0.0041  17.3044  -24.2458
8515.0635  322.4492  0.0041  17.2726  -24.2386
8521.4912  322.4602  0.0041  17.2341  -24.2336
8527.7197  322.4696  0.0042  17.1891  -24.2309
8532.1191  322.4750  0.0042  17.1379  -24.2306
8537.2432  322.4888  0.0041  17.0809  -24.2325
8542.4209  322.5081  0.0041  17.0184  -24.2366
8547.5967  322.5152  0.0040  16.9508  -24.2429
8553.1514  322.5306  0.0040  16.8787  -24.2511
8558.6621  322.5655  0.0040  16.8024  -24.2613
8565.1982  322.5943  0.0040  16.7226  -24.2731
8570.1133  322.6224  0.0040  16.6396  -24.2864
8575.9258  322.6523  0.0039  16.5536  -24.3013
8581.1250  322.6901  0.0039  16.4652  -24.3175
8586.3271  322.7478  0.0039  16.3745  -24.3351
8591.1943  322.8137  0.0039  16.2819  -24.3541
8596.6543  322.8710  0.0039  16.1877  -24.3744
8601.8799  322.9255  0.0039  16.0924  -24.3958
8607.2744  322.9724  0.0039  15.9964  -24.4182
8612.1865  323.0169  0.0039  15.8999  -24.4415
8617.7158  323.0692  0.0038  15.8035  -24.4654
8623.0430  323.1613  0.0037  15.7075  -24.4898
8627.9014  323.3059  0.0037  15.6123  -24.5143
8633.4355  323.4933  0.0038  15.5183  -24.5388
8637.9131  323.6723  0.0038  15.4259  -24.5632
8644.0254  323.7842  0.0037  15.3354  -24.5872
8649.5654  323.8454  0.0037  15.2475  -24.6105
8655.2764  323.8929  0.0036  15.1624  -24.6331
8661.1406  323.9271  0.0036  15.0808  -24.6546
8666.8564  323.9588  0.0036  15.0029  -24.6749
8671.5420  323.9806  0.0037  14.9294  -24.6937
8677.0869  324.0033  0.0036  14.8603  -24.7111
8682.8154  324.0432  0.0036  14.7962  -24.7269
8687.5557  324.0995  0.0036  14.7372  -24.7410
8692.4707  324.1618  0.0036  14.6836  -24.7533
8698.0781  324.2355  0.0036  14.6355  -24.7638
8703.2188  324.3116  0.0036  14.5931  -24.7726
8708.6660  324.3639  0.0035  14.5566  -24.7798
8714.5439  324.4002  0.0035  14.5257  -24.7853
8719.1621  324.4376  0.0035  14.5004  -24.7893
8724.5967  324.4579  0.0035  14.4806  -24.7921
8729.5322  324.4692  0.0036  14.4659  -24.7939
8734.3535  324.4746  0.0036  14.4562  -24.7950
8738.7070  324.4604  0.0036  14.4511  -24.7956
8743.7783  324.4542  0.0036  14.4503  -24.7961
8748.9473  324.4666  0.0036  14.4534  -24.7967
8753.5879  324.4802  0.0036  14.4601  -24.7980
8759.0244  324.4710  0.0036  14.4697  -24.8001
8764.2148  324.4383  0.0036  14.4818  -24.8036
8769.2607  324.4439  0.0036  14.4960  -24.8088
8774.6055  324.5272  0.0036  14.5118  -24.8160
8779.3789  324.6501  0.0036  14.5288  -24.8255
8784.3926  324.7531  0.0036  14.5467  -24.8376
8789.6104  324.7923  0.0036  14.5652  -24.8525
8793.6953  324.7907  0.0035  14.5840  -24.8702
8798.7578  324.7980  0.0035  14.6029  -24.8907
8803.7461  324.8271  0.0034  14.6217  -24.9141
8808.6729  324.8580  0.0034  14.6403  -24.9401
8814.2959  324.8833  0.0034  14.6585  -24.9685
8818.6543  324.9047  0.0034  14.6763  -24.9991
8823.4648  324.9236  0.0034  14.6935  -25.0313
8828.1621  324.9581  0.0035  14.7100  -25.0647
8832.7617  324.9989  0.0035  14.7259  -25.0990
8837.6553  325.0175  0.0036  14.7412  -25.1335
8843.1152  325.0100  0.0036  14.7562  -25.1677
8848.1426  325.0067  0.0035  14.7709  -25.2010
8852.9482  325.0487  0.0035  14.7855  -25.2326
8857.7988  325.1139  0.0034  14.8004  -25.2618
8862.8193  325.1644  0.0034  14.8155  -25.2881
8867.8799  325.2017  0.0034  14.8308  -25.3108
8872.3740  325.2380  0.0034  14.8461  -25.3293
8876.9121  325.2648  0.0034  14.8614  -25.3431
8881.6426  325.2737  0.0034  14.8767  -25.3516
8887.0244  325.3117  0.0033  14.8920  -25.3543
8892.0488  325.3778  0.0033  14.9073  -25.3505
8896.5635  325.4244  0.0033  14.9229  -25.3401
8901.1260  325.4616  0.0033  14.9385  -25.3227
8905.7324  325.5474  0.0033  14.9544  -25.2983
8911.1475  325.6572  0.0033  14.9702  -25.2668
8916.0479  325.7366  0.0033  14.9858  -25.2285
8920.8867  325.8162  0.0033  15.0009  -25.1836
8924.6289  325.9143  0.0033  15.0152  -25.1323
8928.9795  326.0120  0.0033  15.0287  -25.0752
8934.0137  326.1307  0.0033  15.0411  -25.0126
8938.6895  326.2673  0.0032  15.0523  -24.9450
8944.5215  326.4049  0.0032  15.0624  -24.8729
8948.9805  326.5610  0.0032  15.0711  -24.7970
8953.3125  326.7497  0.0032  15.0784  -24.7180
8957.7432  326.9444  0.0032  15.0840  -24.6366
8963.2012  327.0845  0.0033  15.0880  -24.5535
8968.2959  327.1618  0.0032  15.0902  -24.4695
8972.8369  327.2220  0.0032  15.0906  -24.3854
8977.3672  327.2592  0.0033  15.0892  -24.3020
8980.9629  327.2631  0.0033  15.0860  -24.2202
8985.8770  327.2807  0.0032  15.0813  -24.1407
8991.1846  327.3290  0.0032  15.0752  -24.0642
8994.9072  327.3957  0.0032  15.0679  -23.9913
8999.8818  327.4549  0.0031  15.0596  -23.9227
9004.3389  327.5011  0.0031  15.0504  -23.8591
9009.2324  327.5427  0.0032  15.0406  -23.8009
9013.8252  327.5707  0.0032  15.0302  -23.7487
9017.9082  327.5998  0.0033  15.0195  -23.7028
9023.3398  327.6212  0.0033  15.0087  -23.6634
9028.6973  327.6264  0.0032  14.9979  -23.6307
9032.3809  327.6432  0.0032  14.9875  -23.6049
9036.7734  327.6690  0.0031  14.9775  -23.5857
9041.7354  327.6771  0.0031  14.9681  -23.5733
9045.9473  327.6814  0.0031  14.9593  -23.5674
9050.8047  327.6959  0.0032  14.9513  -23.5679
9055.4033  327.7248  0.0032  14.9440  -23.5745
9059.6963  327.7573  0.0032  14.9374  -23.5870
9064.5596  327.7767  0.0032  14.9315  -23.6050
9068.5029  327.8139  0.0031  14.9261  -23.6280
9073.7080  327.8764  0.0031  14.9211  -23.6556
9077.9131  327.9385  0.0032  14.9163  -23.6871
9082.1055  327.9824  0.0032  14.9116  -23.7219
9087.1855  328.0437  0.0032  14.9068  -23.7593
9092.2529  328.1199  0.0032  14.9017  -23.7987
9096.0430  328.1570  0.0032  14.8962  -23.8393
9100.3701  328.1771  0.0031  14.8901  -23.8804
9105.0615  328.2056  0.0031  14.8831  -23.9213
9110.1084  328.2332  0.0032  14.8752  -23.9613
9114.6348  328.2550  0.0032  14.8662  -23.9997
9119.4990  328.2799  0.0031  14.8561  -24.0361
9123.5957  328.3097  0.0031  14.8449  -24.0696
9128.4912  328.3483  0.0031  14.8326  -24.0998
9133.2637  328.4172  0.0031  14.8193  -24.1262
9137.7666  328.5053  0.0032  14.8052  -24.1484
9142.7432  328.5838  0.0032  14.7905  -24.1660
9147.0820  328.6262  0.0032  14.7753  -24.1786
9152.3516  328.6304  0.0031  14.7599  -24.1860
9156.6416  328.6150  0.0031  14.7447  -24.1880
9160.1064  328.6106  0.0030  14.7298  -24.1843
9164.6289  328.6084  0.0031  14.7158  -24.1750
9170.4775  328.6128  0.0031  14.7028  -24.1599
9174.6777  328.6251  0.0031  14.6911  -24.1392
9178.9619  328.6269  0.0031  14.6811  -24.1129
9183.9404  328.6575  0.0030  14.6729  -24.0811
9188.3447  328.7151  0.0030  14.6669  -24.0442
9193.1514  328.7723  0.0030  14.6631  -24.0024
9197.4277  328.8363  0.0030  14.6617  -23.9560
9202.1143  328.9434  0.0030  14.6629  -23.9055
9206.7314  329.0981  0.0030  14.6667  -23.8512
9211.4688  329.2570  0.0031  14.6730  -23.7936
9215.4961  329.3594  0.0031  14.6819  -23.7332
9219.9209  329.4152  0.0031  14.6930  -23.6704
9225.3623  329.4637  0.0031  14.7062  -23.6057
9229.9512  329.5182  0.0031  14.7211  -23.5397
9234.2705  329.5877  0.0031  14.7372  -23.4727
9238.4092  329.6612  0.0031  14.7543  -23.4054
9242.5918  329.7339  0.0031  14.7721  -23.3380
9248.3604  329.7930  0.0031  14.7901  -23.2709
9252.6475  329.8351  0.0032  14.8081  -23.2044
9256.9092  329.8882  0.0032  14.8256  -23.1386
9261.0146  329.9914  0.0031  14.8423  -23.0740
9265.9199  330.1352  0.0030  14.8579  -23.0106
9271.8047  330.2560  0.0030  14.8719  -22.9488
9276.4316  330.3423  0.0030  14.8839  -22.8884
9281.0781  330.4157  0.0029  14.8939  -22.8294
9285.6699  330.4408  0.0029  14.9015  -22.7718
9289.4424  330.4592  0.0030  14.9068  -22.7153
9294.7246  330.4901  0.0029  14.9098  -22.6597
9299.0830  330.5558  0.0030  14.9107  -22.6048
9303.7695  330.6398  0.0031  14.9096  -22.5503
9308.1377  330.7081  0.0031  14.9068  -22.4958
9313.0947  330.7454  0.0031  14.9025  -22.4409
9318.0518  330.7643  0.0031  14.8971  -22.3853
9322.4248  330.7846  0.0031  14.8908  -22.3285
9327.3838  330.8088  0.0031  14.8839  -22.2701
9331.2969  330.8290  0.0031  14.8770  -22.2095
9335.9541  330.8476  0.0031  14.8705  -22.1464
9341.2324  330.8701  0.0032  14.8650  -22.0803
9345.5615  330.8995  0.0032  14.8609  -22.0108
9349.8398  330.9429  0.0032  14.8586  -21.9379
9355.0420  331.0039  0.0032  14.8587  -21.8613
9360.1172  331.0729  0.0032  14.8615  -21.7811
9364.3633  331.1355  0.0031  14.8672  -21.6974
9368.5518  331.1820  0.0031  14.8763  -21.6102
9373.4619  331.2164  0.0031  14.8888  -21.5200
9377.6768  331.2561  0.0031  14.9049  -21.4271
9382.3301  331.3205  0.0032  14.9245  -21.3321
9387.1680  331.4116  0.0032  14.9474  -21.2356
9392.1211  331.5057  0.0032  14.9736  -21.1384
9396.7363  331.5742  0.0032  15.0027  -21.0414
9400.8799  331.6132  0.0032  15.0346  -20.9456
9405.4434  331.6477  0.0032  15.0688  -20.8521
9410.4561  331.7058  0.0033  15.1048  -20.7619
9414.5332  331.7912  0.0033  15.1420  -20.6761
9420.0918  331.8860  0.0032  15.1798  -20.5960
9424.7939  331.9787  0.0031  15.2177  -20.5228
9429.4795  332.0589  0.0030  15.2550  -20.4577
9434.7383  332.1420  0.0030  15.2913  -20.4019
9438.6602  332.2332  0.0030  15.3260  -20.3567
9443.1182  332.3265  0.0031  15.3587  -20.3230
9448.2100  332.4283  0.0031  15.3889  -20.3016
9453.0410  332.5445  0.0031  15.4161  -20.2933
9457.9248  332.6582  0.0031  15.4400  -20.2986
9461.9668  332.7534  0.0032  15.4602  -20.3177
9466.1768  332.8346  0.0032  15.4765  -20.3509
9470.8262  332.8898  0.0032  15.4887  -20.3982
9476.0303  332.9031  0.0032  15.4968  -20.4593
12000.0000  370.7166  0.0032  15.4968  -20.4593
